
Last position-specific scoring matrix computed, weighted observed percentages rounded down, information per position, and relative weight of gapless real matches to pseudocounts
           A  R  N  D  C  Q  E  G  H  I  L  K  M  F  P  S  T  W  Y  V   A   R   N   D   C   Q   E   G   H   I   L   K   M   F   P   S   T   W   Y   V
    1 A    5 -1 -1 -2  0 -2 -2 -1 -2 -1 -3 -2 -3 -4 -3  0  0 -1 -2 -2   57   3   3   2   2   1   2   3   1   4   2   3   1   1   1   7   5   1   1   2  0.78 0.52
    2 L    2  1  0  0  4  2  2 -1  0 -4 -4  0 -2 -3  1  1  0 -2 -3 -4   14   6   5   6   7   9  12   4   2   1   2   5   1   1   6   9   5   1   1   2  0.29 0.27
    3 P    2  2  0  0  0  0  0 -1  2 -2 -3  1 -2 -3  1  0  0 -1 -3 -2   16   9   5   4   2   5   7   5   5   2   2   9   1   1   7   8   5   1   1   3  0.21 0.21
    4 Q   -2  1  0  0 -2  1  1  3 -1 -3 -2  2 -2 -3  1 -2  0 -1 -3 -3    4   8   4   6   1   6   8  24   2   2   4  10   1   1   7   3   5   1   1   3  0.30 0.26
    5 T   -1  0 -1 -1 -1  0  1 -3  0 -1 -2  1 -1 -1  1 -1  3  0 -1  2    4   6   3   3   1   4   8   2   3   4   4   7   2   2   7   6  18   1   2  13  0.22 0.22
    6 V   -3 -3 -3 -8 -7 -2 -3 -4 -1  4  4 -3  1  0 -2 -4 -2  1  0  2    2   2   2   0   0   2   2   2   2  21  33   2   3   4   2   2   3   2   3  13  0.77 0.44
    7 R   -2  4  0 -2  0  0 -2 -3  1  1 -1  1  0 -2 -2 -2  2  1 -1  1    3  19   4   2   2   4   3   3   3   6   6   7   2   2   2   4  13   2   3  10  0.29 0.24
    8 I   -1 -2 -2 -2  1 -1 -2 -2  0  2  0 -2  1  1 -2 -2 -1  3  1  3    6   3   3   3   3   3   3   3   2  10  10   3   4   6   3   3   3   4   5  22  0.29 0.19
    9 G   -1  0  0  0  2  0  0 -1  2  0 -1  0  2  1  0 -1  0  3  1 -1    5   5   5   5   5   5   5   5   5   5   5   5   5   5   5   5   5   5   5   5  0.09 0.08
   10 T   -1 -2 -1 -2  1 -1 -2 -1  1  1 -1 -2  1  0 -2 -1  2  2  1  2    6   3   3   3   3   3   3   4   3   8   5   3   4   4   3   5  15   3   5  15  0.19 0.16
   11 D   -1  0  0  0  2  0  0 -1  2  0 -1  0  2  1  0 -1  0  3  1 -1    5   5   5   5   5   5   5   5   5   5   5   5   5   5   5   5   5   5   5   5  0.09 0.08
   12 T    0 -1  0  0  1  0  0  0  1 -1 -1 -1  0  0  1  0  0  2  1 -1    8   4   5   6   3   4   7   8   4   4   6   4   3   3   8   7   5   3   4   4  0.04 0.04
   13 T   -1  0  0  0  2  0  0 -1  2  0 -1  0  2  1  0 -1  0  3  1 -1    5   5   5   5   5   5   5   5   5   5   5   5   5   5   5   5   5   5   5   5  0.09 0.08
   14 Y   -1 -1  0 -1  1  0 -1 -2  1 -1 -1 -1  1  2 -1  0 -1  6  4 -1    6   4   5   3   3   4   5   4   3   4   5   4   3   7   4   8   5   9  11   4  0.27 0.21
   15 A   -1  0  0  0  2  0  0 -1  2  0 -1  0  2  1  0 -1  0  3  1 -1    5   5   5   5   5   5   5   5   5   5   5   5   5   5   5   5   5   5   5   5  0.09 0.08
   16 P   -4 -3 -3 -4 -3 -4 -5  0 -3 -4 -3 -5 -3 -4  8 -3 -3 -2 -4 -4    2   2   2   1   1   1   1   7   1   1   3   1   1   1  66   3   2   1   1   2  1.93 1.16
   17 F   -4 -5 -3 -5 -3 -4 -5 -3 -1 -1  1 -4  2  6 -4 -3 -3  3  6 -3    2   1   1   1   1   1   1   2   2   3  12   1   5  31   1   2   2   4  23   3  1.28 0.71
   18 S    0 -3  1 -2 -1  0  1  1  0 -1 -2 -3 -1  0 -3  2  1  0  1  0    8   1   7   3   1   3  10   9   2   4   4   1   2   5   2  17   9   1   4   7  0.18 0.19
   19 S   -2 -3 -1 -2  0 -1 -2 -2 -1  1 -1 -3  3  5 -4 -1 -1  3  5 -1    4   2   3   3   2   3   3   3   1   7   5   2   7  19   1   6   4   4  16   4  0.58 0.37
   20 K   -1  1 -1 -1 -1  0  0 -1  1  0  0  1  1  1 -1 -1  0  1  1  0    4   9   3   3   1   5   5   5   3   6   9   8   4   5   3   4   7   2   5   7  0.05 0.05
   21 D   -1 -1  2  4  0  0  0 -1  1 -2 -3  0  0 -1 -1 -1 -1  1 -1 -1    6   4  10  23   2   5   6   5   3   3   3   5   2   3   4   6   5   2   2   4  0.30 0.22
   22 A    0  0  0  1 -5  0  1  0  1 -1 -2  0  0 -1  2  0  0  2  0 -1    7   5   5   9   0   4   9   7   3   3   4   6   3   3  10   8   5   3   3   4  0.10 0.11
   23 K   -1  0  0  0  2  0  0 -1  2  0 -1  0  2  1  0 -1  0  3  1 -1    5   5   5   5   5   5   5   5   5   5   5   5   5   5   5   5   5   5   5   5  0.09 0.08
   24 G   -1 -1  1  1  1  1  0  3  1 -2 -1 -1  1 -1 -1 -1 -1  2  0 -2    5   4   6   7   3   5   6  23   3   3   6   4   3   3   3   5   4   3   3   3  0.19 0.16
   25 E   -1  0  0  0  2  0  0 -1  2  0 -1  0  2  1  0 -1  0  3  1 -1    5   5   5   5   5   5   5   5   5   5   5   5   5   5   5   5   5   5   5   5  0.09 0.08
   26 F   -1  0 -1 -1 -2 -1 -1 -1  0  1  1 -2  0  1  3 -2 -1  3  2  0    6   5   3   3   1   3   4   5   3   7  14   2   2   5  12   2   3   3   8   8  0.17 0.14
   27 I    0  0 -1  0 -3  2  1 -1  0  0 -3  0 -1 -1 -2  1  2 -2  0  1    7   5   3   5   1   9   8   5   3   5   2   6   2   2   2   9  11   1   3  10  0.12 0.14
   28 G   -4 -4 -3 -3 -4 -3 -4  7 -3 -6 -6 -5 -4 -5 -3 -4 -4 -3 -5 -5    2   1   1   2   1   2   2  78   1   1   1   1   1   1   2   2   1   1   1   1  2.11 1.14
   29 F   -2 -3 -4 -5 -2 -4 -3 -6 -2  3  1 -4  1  5 -2 -3 -3  1  4  0    5   2   1   1   1   1   2   1   1  16  13   1   3  22   3   2   2   2  14   7  0.80 0.46
   30 D    0 -4 -1  4  1 -3  2 -2 -1  0  0 -4  0 -1 -3  1 -1 -2  0  0    9   1   3  22   2   1  11   4   2   5   8   1   2   3   1   9   5   1   4   6  0.32 0.27
   31 I    0 -2 -1 -2 -2 -1 -3 -3  0  3 -2 -2  0 -1  0 -2 -1  0  2  4    9   2   3   3   1   2   2   2   3  16   5   2   2   3   5   4   4   2   7  24  0.39 0.27
   32 D   -1 -1 -1  6 -2 -1  4 -5 -1 -4 -4 -2 -2 -4 -3 -3 -3  0 -3 -3    5   4   3  41   1   3  21   1   2   1   2   3   1   1   2   2   2   1   1   2  1.08 0.69
   33 L   -3 -3 -4 -5 -2 -3 -4 -5 -2  3  4 -3  2  1 -4 -4 -3 -1  2  2    3   2   1   1   1   2   1   1   1  16  34   2   5   6   1   2   2   1   6  12  0.74 0.43
   34 G    3 -3 -3 -3  2 -3 -4 -1 -1  1  2 -3  2  1 -3 -2 -2  3 -2  1   20   1   1   2   4   2   1   4   1   8  19   2   5   5   2   4   3   4   2  10  0.37 0.26
   35 N   -1  3  1  0  0  2  0 -3  2 -2 -2  3  0 -2 -2 -2  0  1 -1 -2    5  15   7   4   2   8   7   3   4   2   4  15   2   2   2   4   6   2   2   3  0.31 0.25
   36 E    1  0 -1 -1  1  1  2 -2  1 -1  0 -1  1 -1 -2  0 -1  2  1 -2   12   6   3   3   3   6  14   3   4   3   9   4   4   3   3   7   4   2   4   3  0.13 0.14
   37 M   -1  0  0  0  2  0  0 -1  2  0 -1  0  2  1  0 -1  0  3  1 -1    5   5   5   5   5   5   5   5   5   5   5   5   5   5   5   5   5   5   5   5  0.09 0.08
   38 C    4 -3 -2 -3  4 -2 -1 -1 -2 -3  0 -3  0  2 -5  0 -2 -1 -2 -2   34   2   2   1   7   2   4   6   1   2  10   2   2   8   1   7   3   1   2   3  0.54 0.40
   39 K    2  2  0  1 -2  2  2 -2 -1 -4 -4  3 -2 -4 -3 -1 -1 -1 -3 -3   15   9   4   8   1   8  13   3   2   1   2  18   1   1   2   5   4   1   1   2  0.40 0.33
   40 R    1  3 -1  1 -1  1  1 -3  2 -1 -2  2  0 -2 -2 -1 -2  0  0 -2   12  14   3   8   1   6   9   3   4   3   4  11   2   2   2   5   3   1   4   3  0.24 0.21
   41 M    0 -3 -1 -3 -1 -1 -2 -3 -1  1  4 -3  3 -2 -3 -1  1  0 -1  0    8   2   3   2   1   4   3   2   2   9  31   2   7   2   2   6   7   1   2   6  0.38 0.27
   42 Q   -2 -2  2  1  0  0 -1  5  1 -3 -3  0 -1 -1 -1 -2 -2  1 -2 -3    3   3   8   6   2   4   5  35   3   2   3   5   2   3   4   3   2   2   2   2  0.52 0.36
   43 V   -1 -1 -1 -1  3 -1 -1 -1  1  1  1 -1  1  2 -1 -1 -1  2  2  1    4   4   3   4   6   3   4   4   3   7  12   4   3   7   3   3   4   3   8  10  0.11 0.08
   44 K   -1  0  0  1  1  1  1 -2  1 -2 -3  3  0 -1  1 -1  0  2  0 -2    6   6   4   7   3   6  10   3   3   3   3  15   3   3   7   5   6   2   3   3  0.15 0.16
   45 C   -1 -1 -2 -2  2 -1 -1 -3  1  1  0 -1  0  2 -1 -2 -1  1  2  2    5   3   2   3   4   3   4   2   3   9  10   4   3   9   4   3   3   2   6  16  0.19 0.13
   46 T   -2  0  0  0 -1  2  3 -3  0  0 -3  1  0 -1 -2 -1  0  1 -1  1    3   6   4   6   2   8  18   2   3   5   3   9   2   2   3   4   6   2   2   8  0.20 0.20
   47 W   -1  0  0  0  2  0  0 -1  2  0 -1  0  2  1  0 -1  0  3  1 -1    5   5   5   5   5   5   5   5   5   5   5   5   5   5   5   5   5   5   5   5  0.09 0.08
   48 V   -1  0 -1 -1  1  1  0 -2  1  1 -1  0  1 -1 -1 -1  0  2  0  2    4   6   3   3   3   7   7   3   4   7   6   6   3   3   3   5   6   3   3  16  0.10 0.10
   49 A   -1  0  0  0  2  0  0 -1  2  0 -1  0  2  1  0 -1  0  3  1 -1    5   5   5   5   5   5   5   5   5   5   5   5   5   5   5   5   5   5   5   5  0.09 0.08
   50 S   -1  0  0  0  2  0  0 -1  2  0 -1  0  2  1  0 -1  0  3  1 -1    5   5   5   5   5   5   5   5   5   5   5   5   5   5   5   5   5   5   5   5  0.09 0.08
   51 D    0 -1  1  2  1  0  0 -1  1 -2 -3 -1  0 -1  3  1  1  2  0 -2    6   4   6  10   2   4   6   5   3   3   3   4   3   3  13  10   8   2   3   3  0.16 0.17
   52 F   -1  0 -2 -2  0 -1 -3 -3  0 -1 -2 -2  0  4  0 -1 -2  8  1 -2    5   5   3   2   2   4   2   3   2   4   5   2   3  14   4   6   3  23   4   3  0.81 0.51
   53 D   -1  0  0  0  2  0  0 -1  2  0 -1  0  2  1  0 -1  0  3  1 -1    5   5   5   5   5   5   5   5   5   5   5   5   5   5   5   5   5   5   5   5  0.09 0.08
   54 A    0  3  1  1  1  1  1  1  1 -2 -2  0  0 -1 -1  0  0  2  0 -2    6  13   6   6   3   5   8   9   3   3   4   4   3   3   3   6   5   3   3   3  0.12 0.12
   55 L    1  2 -2 -3  2 -2 -3 -3 -1  2  2 -1  3 -1 -3 -1 -2  2 -2  1   11  12   2   2   4   2   2   3   2  10  18   3   7   3   2   4   3   3   2   8  0.26 0.19
   56 I   -1  0  0  0  2  0  0 -1  2  0 -1  0  2  1  0 -1  0  3  1 -1    5   5   5   5   5   5   5   5   5   5   5   5   5   5   5   5   5   5   5   5  0.09 0.08
   57 P    1  0  0  1 -1  1  1 -1  0 -3 -1  0  0 -2  3 -1  0  0 -1 -2   11   6   4   6   1   7   8   5   2   2   6   5   2   2  16   5   5   1   2   3  0.19 0.21
   58 S    2 -1 -1  0 -1  0  0  1 -1 -3  0 -1  2 -1 -1 -1 -1  5 -1 -2   17   3   3   6   1   4   7  10   2   2  10   3   6   3   3   5   4   8   3   2  0.22 0.21
   59 L   -1  0  0  0  2  0  0 -1  2  0 -1  0  2  0  0 -1  0  3  1 -1    5   5   5   5   5   5   5   5   5   5   5   5   5   5   5   5   5   5   5   5  0.03 0.09
   60 K    0  1  0  0  1  2  1 -1  1 -1 -1  1  1 -1 -1  0 -1  2  0 -1    6   8   5   5   3   8  10   5   3   3   5  10   3   3   3   6   4   3   3   5  0.09 0.10
   61 A   -1  0  0  0  2  0  0 -1  2  0 -1  0  2  1  0 -1  0  3  1 -1    5   5   5   5   5   5   5   5   5   5   5   5   5   5   5   5   5   5   5   5  0.09 0.08
   62 K   -1  0  0  0  2  0  0 -1  2  0 -1  0  2  1  0 -1  0  3  1 -1    5   5   5   5   5   5   5   5   5   5   5   5   5   5   5   5   5   5   5   5  0.09 0.08
   63 K   -2  3  1  1 -2  2  2 -1  0 -3 -3  3 -2 -3 -2 -1  0 -1 -2 -3    4  12   5   6   1  10  12   5   2   2   3  16   1   1   3   5   6   1   1   3  0.33 0.28
   64 I    1 -3 -2 -3  2 -2 -2 -2 -1  3 -1 -3 -1  2  1 -2 -1  2  2  2   12   2   2   2   3   2   3   4   2  13   6   2   1   7   7   3   4   3   7  14  0.25 0.18
   65 D   -3 -2  1  7 -1 -1 -2 -3  0 -3 -2 -3  0 -2 -2 -3 -3  0 -2 -3    3   2   6  51   1   3   3   3   3   2   5   2   2   2   2   3   2   1   2   2  1.16 0.71
   66 A    1 -3 -2 -3  0 -2 -3 -1  0  3  2 -3  4  1 -2 -3 -1  1  0  2   10   2   2   2   2   2   2   6   2  13  16   2   9   6   2   2   4   2   3  13  0.31 0.21
   67 I    1 -1 -1 -1  3 -1 -1  0  0  3  0 -1  1  0 -2 -2 -1  2  0  1   10   3   3   3   6   3   4   6   3  15   9   3   4   3   3   3   3   3   3   9  0.13 0.09
   68 I    0 -1 -1 -1  4 -1 -2 -2  0  2  1 -2  2  1 -1 -1 -1  3  1  1    6   3   3   3   7   3   3   4   3  10  11   3   5   5   4   4   4   5   4   9  0.16 0.10
   69 S    2  0  0 -2 -1 -2 -3  1  0 -2 -2 -3  0  2  1  1  0 -2  0 -1   17   6   5   2   2   2   2  12   2   3   5   2   2   8   6  12   5   1   3   4  0.18 0.16
   70 S    1 -2  2  0 -1 -1 -3  3 -2 -3 -3 -4 -1 -2  1  2  1 -1 -2 -2   11   3   9   5   2   3   2  23   1   2   3   1   2   2   7  13   7   1   2   3  0.36 0.30
   71 L    0 -4 -3 -4 -2 -3 -3 -3 -2  2  1 -4  5  1  0 -2  1  2  0  2    8   1   1   1   1   2   2   2   1  11  15   1  11   6   5   4   8   3   4  13  0.39 0.26
   72 S    1 -2  0 -1 -3 -2 -2 -1 -2 -2 -2 -3 -1  0  1  2  4  1  2 -2   10   2   5   3   1   2   3   6   1   3   4   2   1   4   7  15  21   2   6   3  0.32 0.29
   73 I   -1  1 -1 -1 -2 -1 -2 -2  0  3 -2  0  1  0  0 -2 -2  5  2  1    6   7   3   4   1   3   2   3   2  17   5   5   3   3   6   4   3   8   7   8  0.30 0.22
   74 T   -3 -1  2  1 -2 -2 -2 -1 -1 -2 -2 -2 -2 -2 -3  1  5 -1 -1 -3    3   3  10   8   1   2   3   5   1   2   4   3   1   2   2  10  33   1   2   3  0.60 0.45
   75 D    1 -1 -1  2  0  0  2 -3 -1 -3 -2  0  0 -2  4  0 -1  2 -2 -2    9   3   3   9   2   4  14   3   1   2   4   5   2   2  19   6   4   3   2   3  0.33 0.31
   76 K    1 -1  0  2 -2  1  4 -1 -1 -3 -3  0 -2 -3 -2  0 -1 -1 -2 -2   10   3   4   9   1   7  27   5   2   2   3   5   1   1   2   8   4   1   2   3  0.38 0.33
   77 R   -2  7 -2 -1 -1 -1 -2 -3  0 -3 -2 -2 -1 -2 -2 -2 -2  0 -1 -3    3  50   2   4   1   3   3   3   2   2   4   3   2   2   3   3   3   1   3   2  1.14 0.69
   78 Q    1  1  0  1  0  1  2 -1  0 -2 -1  1  0 -2  0 -1 -1  0 -1 -2   10   7   4   8   2   6  13   4   2   3   6   9   2   2   4   5   4   1   2   3  0.12 0.13
   79 Q    0  1  0  1 -1  2  2 -1  0 -3 -2  2 -1 -2  0 -1 -1  1 -1 -3    8   6   5   7   1   9  13   5   2   2   4  13   2   2   6   6   4   2   2   2  0.20 0.20
   80 E   -1  0  0  0 -1  2  0  1  1 -1  0  1  0  0 -1  0 -1  1  1 -1    6   6   5   6   1   8   5  10   3   3   8   8   2   4   3   6   4   2   4   5  0.05 0.06
   81 I    0 -5 -4 -6 -3 -5 -6 -3 -1  2  1 -5  2  4 -5 -4 -3  0  3  4    8   1   1   1   1   1   1   3   1  11  15   1   5  14   1   1   2   1   9  24  0.73 0.43
   82 A    0  0  0  4 -3  0 -1 -3  1  0  1 -1 -2 -2 -4 -1 -1 -1  0  0    9   6   5  21   1   4   4   3   3   5  12   3   1   2   1   5   4   1   4   6  0.25 0.21
   83 F   -3 -4 -4 -6 -2 -4 -5 -6 -3 -1 -1 -5  0  8 -2 -3 -2  4  4 -2    3   1   1   1   1   1   1   1   1   3   6   1   2  49   2   2   3   5  11   3  1.57 0.83
   84 S    0 -4 -3 -4 -1 -4 -4 -2 -2  0 -3 -4 -2 -3  0  5  3 -9 -3  1    9   1   2   1   1   1   1   4   1   5   3   1   1   2   5  33  18   0   1  10  0.72 0.55
   85 D   -1  0  1  3 -2  0  1  1  0 -1 -2  0 -1 -2  1  0  0 -1 -2 -1    6   6   6  14   1   5   8   9   3   4   3   6   2   2   8   6   7   1   2   4  0.13 0.14
   86 K   -1 -3 -2 -3 -2 -3 -1 -3 -1 -2 -4 -2 -1 -3  6 -1  0 -1  2 -1    6   2   3   2   1   2   4   3   2   3   2   3   2   1  43   6   5   1   6   5  0.96 0.67
   87 L   -3 -4 -2 -4 -2 -4 -4 -4  0  2  1 -5  1  2 -2 -4 -2  0  7  0    2   1   3   1   1   1   2   2   2   9  12   1   3   7   3   2   3   1  36   7  1.03 0.61
   88 Y   -1 -1 -1 -2 -1 -1 -3 -1  0  0  1 -2  2  4 -4 -2 -1  1  5 -1    5   3   3   3   1   3   2   5   2   5  12   3   5  13   1   4   4   2  20   5  0.45 0.30
   89 A   -1  1  0  0 -1  1  1 -2  1  0 -1  0  0  0  0  0  1  0  3  0    5   7   5   5   1   5   8   3   3   5   5   5   2   4   4   8   8   1   9   7  0.08 0.09
   90 A    1 -3  0  2 -3 -1  0  0 -1  0 -1 -3 -1  0 -2  2  1 -1  0  1   10   1   5  11   1   3   6   7   1   6   5   1   2   4   2  14   9   1   4   9  0.16 0.16
   91 D   -1  0  0  0 -1  1  0  3  1 -2 -3  0 -1 -2  1  1  0  1 -1 -2    6   6   4   5   1   5   7  19   3   2   3   5   1   2   8   9   6   2   3   3  0.17 0.18
   92 S   -1 -1  0 -1 -1  2 -1 -1  1  1  0  0  1  0  0  0  0  3  2  0    6   2   5   4   1   9   4   4   3   7   8   5   4   4   4   6   6   4   6   7  0.08 0.09
   93 R    1  0 -2 -2  0  1 -3  1  0  0 -1 -2  0 -1 -3  0  1  0  1  3   11   6   2   2   2   6   2   9   2   6   5   3   3   2   1   7   7   1   4  18  0.16 0.15
   94 L   -1 -4 -3 -4 -1 -3 -4 -4 -2  3  3 -4  2  3 -2 -4 -2  2  1  2    5   1   1   1   1   1   1   2   1  15  24   1   4  12   2   2   2   2   4  14  0.58 0.34
   95 I    0 -4 -4 -4  0 -4 -4 -4 -2  3  2 -4  2  3 -4 -4 -3  1  2  3    8   1   1   1   2   1   1   1   1  14  18   1   4   9   1   1   2   2   7  21  0.63 0.37
   96 A    1 -2 -4 -4 -1 -2 -4 -1 -1  1 -2 -2  0 -1 -4  0  2 -1  1  4   11   3   1   1   1   2   1   4   1   6   4   3   2   3   1   7  12   1   5  29  0.49 0.35
   97 A    0  5  1 -2 -2  0 -4 -3  2 -4  0  2 -1 -3  1 -1 -1 -1 -2 -3    7  25   5   2   1   3   1   2   4   1  10  13   1   1   8   5   3   1   2   3  0.48 0.37
   98 K    1  2  0  0  1  0  0 -2 -1 -3 -3  4 -2 -4  0  0 -1 -2 -2 -2   11   9   5   5   3   4   5   3   2   2   3  25   1   1   6   7   5   1   1   3  0.37 0.29
   99 G   -1 -1  1  4 -3 -1  1  2 -1 -3 -4  1 -3 -4 -1  1 -1 -2 -3 -4    6   3   7  20   1   3   8  17   2   2   2   7   1   1   4   9   4   1   1   2  0.38 0.29
  100 S   -1  0  0  0  2  0  0 -1  2  0 -1  0  2  1  0 -1  0  3  1 -1    5   5   5   5   5   5   5   5   5   5   5   5   5   5   5   5   5   5   5   5  0.09 0.08
  101 P    0  0  0  0  1  0  0  0  1 -1 -1  0  0 -1  3  0  0  2  0 -1    7   5   5   6   3   5   5   7   3   3   5   6   3   3  13   6   5   3   3   4  0.10 0.10
  102 I   -1  0  0  0  2  0  0 -1  2  0 -1  0  2  1  0 -1  0  3  1 -1    5   5   5   5   5   5   5   5   5   5   5   5   5   5   5   5   5   5   5   5  0.09 0.08
  103 Q    0  0  0  0 -1  0  0 -1  0  1 -1  0  0  0  1  0  0  1  0  0    7   4   5   5   1   4   5   5   2  11   6   7   2   4   8   5   6   2   4   8  0.03 0.03
  104 P    0  0  0  0 -1  1  0 -1  0  0 -1  1  0  0  0  0  1  0 -1  0    6   6   5   6   2   6   5   5   3   6   6   8   2   4   5   7   9   2   2   5  0.03 0.04
  105 T   -2  0  1  2 -1  0 -1  0  0 -2 -3  0 -1 -2 -2  3  2  0 -1 -2    4   4   7  11   1   4   4   8   3   2   3   6   2   2   3  20  11   1   2   3  0.27 0.25
  106 L    0 -2 -2 -2 -1 -2 -2 -3 -1  1  3 -2  1  2  2 -2 -2  3  1  1    7   2   2   3   2   2   3   2   1   8  22   3   3   7   9   3   3   4   5   8  0.26 0.18
  107 E    1  0  0  2  1  0  2 -1  1 -1 -2  0  0 -1  0  0  0  2  0 -1   11   4   5  10   3   5  11   5   3   3   5   6   3   3   4   6   5   3   3   3  0.09 0.10
  108 S   -1 -1  0  4  1  1  1 -1  1 -2 -2 -1  0 -1 -1  0 -1  2  0 -2    6   4   4  23   2   7   8   4   3   3   4   4   3   3   3   7   4   2   3   3  0.29 0.24
  109 L   -1  0  0  0  2  0  0 -1  2  0 -1  0  2  1  0 -1  0  3  1 -1    5   5   5   5   5   5   5   5   5   5   5   5   5   5   5   5   5   5   5   5  0.09 0.08
  110 K    1  1  1  0  1  1  0 -1  1 -2 -2  3  0 -2  0  0 -1  0 -1 -2   12   8   6   5   3   5   5   5   3   3   3  15   2   2   5   7   4   1   2   3  0.15 0.15
  111 G   -1  0  1  1 -1  0 -1  4  0 -3 -4  0 -1 -2 -1 -1 -1  0 -2 -3    5   4   6   7   1   4   4  33   3   2   2   6   2   2   4   6   4   1   2   2  0.43 0.32
  112 K   -1  0  0  0  2  0  0 -1  2  0 -1  0  2  1  0 -1  0  3  1 -1    5   5   5   5   5   5   5   5   5   5   5   5   5   5   5   5   5   5   5   5  0.09 0.08
  113 H   -2  3 -1 -2  0  0 -2 -3  0  0 -2  3  0 -2 -1  0  2  1 -1  0    4  16   3   3   2   4   3   2   2   5   5  15   2   2   4   6  13   2   2   6  0.29 0.25
  114 V   -1  0  0  0  2  0  0 -1  2  0 -1  0  2  1  0 -1  0  3  1 -1    5   5   5   5   5   5   5   5   5   5   5   5   5   5   5   5   5   5   5   5  0.09 0.08
  115 G    2 -1 -1 -2  2 -1 -2  3  0 -1 -1 -1  0 -1 -2 -1 -1  2  0  0   15   3   3   3   4   3   3  21   3   4   5   3   3   3   3   4   4   3   3   8  0.21 0.17
  116 V    1 -4 -4 -4  0  0 -4 -2 -2  1  0 -4  1 -1 -3 -2  1  0  0  5   11   1   1   1   2   4   1   3   1   8   7   1   3   3   1   4  10   1   3  32  0.55 0.37
  117 L   -1 -1 -1 -3 -2  3 -1 -1 -1  1  0 -1  1 -1  1  0  0 -1  0  2    4   3   4   2   1  11   3   6   2   8   9   3   3   2   7   6   7   1   3  15  0.15 0.15
  118 Q    1  3  0  0 -2  1  0 -2  0 -1 -1  1 -1 -2  0  0  0 -1 -1 -1   10  14   4   5   1   6   6   4   2   3   7   9   2   2   5   7   6   1   2   4  0.13 0.14
  119 G   -2 -1  1  1 -1 -1 -2  5  1 -3 -4 -2 -1 -2 -1  0 -1  1 -1 -3    4   4   6   7   2   3   3  37   3   2   2   3   2   2   3   6   5   2   2   2  0.56 0.40
  120 S   -1 -1  0  0  1 -1 -2 -1  1 -1 -3 -2  0  0 -2  2  2  3  3 -1    6   3   4   4   3   3   3   5   3   3   3   3   3   4   3  15  13   4  10   4  0.25 0.23
  121 T    0  0  0 -1  1  0 -1 -1  1  0 -1 -1  0  0  0  1  1  2  2  0    9   4   5   4   3   4   3   4   3   4   5   4   3   4   5  11   9   3   6   6  0.07 0.09
  122 Q    0 -2  0 -1  0  1 -1  0  2 -1 -1 -2  0  0  0  0  0  1  3 -1    8   2   5   4   2   7   4   8   5   3   5   3   3   4   5   8   6   2  10   4  0.11 0.14
  123 E    0 -1 -1  1  1  1  2 -1  1 -1 -2 -1  0  0  0 -1 -1  2  1 -1    9   3   3   8   3   6  14   5   4   4   5   4   3   4   5   5   4   3   5   5  0.11 0.12
  124 A    0  0  0  2  0  1  1 -1  1 -1 -1  0  0  0  0  0  0  2  0 -1    7   5   5  10   2   7  10   5   3   3   5   6   3   4   4   5   6   3   4   4  0.08 0.09
  125 Y    0 -1  0 -1  0  0 -1 -3  1  0  1 -2  1  3 -2 -2 -1  4  4  0    7   4   5   3   2   4   4   2   3   6  12   3   3  11   2   3   4   5  13   5  0.25 0.19
  126 A   -1  0  0  0  2  0  0 -1  2  0 -1  0  2  1  0 -1  0  3  1 -1    5   5   5   5   5   5   5   5   5   5   5   5   5   5   5   5   5   5   5   5  0.09 0.08
  127 N    0  1  0  0  0  1  1 -2  1 -1 -1  1  0 -1  0 -1  0  2  0 -1    8   9   4   5   2   7   9   4   3   3   6   9   3   3   4   5   6   2   3   4  0.07 0.08
  128 D   -1  0  0  0  2  0  0 -1  2  0 -1  0  2  1  0 -1  0  3  1 -1    5   5   5   5   5   5   5   5   5   5   5   5   5   5   5   5   5   5   5   5  0.09 0.08
  129 N    0  0  1  0 -2  1  0 -2  1  0  0  0  1  0 -2  0 -1  1  1 -1    8   5   8   4   1   6   6   3   4   5  10   7   3   5   2   5   4   2   6   5  0.05 0.05
  130 W    0 -1  1 -1 -1  0 -1 -1  0  0  1  0  0  2  0 -1 -1  2  2 -1    7   4   6   4   1   4   4   6   3   5  14   6   2   9   4   4   3   3   6   4  0.07 0.05
  131 R    0  1  0  0 -1  1  1  0  0 -1 -1  1  0 -1  1  0  0 -1 -1 -1    9   7   5   6   1   6   8   8   2   3   6   9   2   2   6   7   4   1   2   4  0.06 0.05
  132 T    1  0  0  0 -1  1  1  0  0 -1 -1  2 -1 -1  1  0  0 -1  0 -1   10   4   4   6   1   5   8   7   2   4   6  11   2   2   8   6   5   1   3   4  0.06 0.05
  133 K    0  0  1  0 -1  0  0  0  1 -2 -1  1  0 -1  3 -1 -1 -1  1 -2    7   5   7   5   1   5   7   6   3   3   6   8   2   3  15   5   4   1   4   3  0.14 0.11
  134 G   -1  0  2  1 -1  1  0  2  1 -2 -2  0 -1 -1  0  0 -1  0 -1 -2    6   5   8   7   1   5   6  17   4   3   4   7   2   2   5   6   4   2   3   3  0.13 0.11
  135 V    1 -1 -1 -1 -1 -1 -2 -1 -1  2  1 -1  1  2 -1 -1 -1  1  1  1   11   3   3   3   2   3   3   4   2  12  12   4   4   7   4   4   3   2   5   9  0.09 0.07
  136 D   -1  1  1  0  1  1  1 -2  1 -1 -2  1  0 -1  0  0  1  2  0 -1    5   7   7   6   2   6   8   3   4   4   4  10   3   3   5   6   8   2   3   5  0.09 0.10
  137 V   -1  0  0  0  2  0  0 -1  2  0 -1  0  2  1  0 -1  0  3  1 -1    5   5   5   5   5   5   5   5   5   5   5   5   5   5   5   5   5   5   5   5  0.09 0.08
  138 V   -2  1 -1 -1 -1  1  0 -3  1  1  0  1  1 -1 -2 -1  0  0 -1  3    3   6   3   4   1   7   7   2   3   9   8   8   3   3   2   4   7   1   3  18  0.16 0.14
  139 A    0  1 -1 -1 -1  0  2 -1  0 -1 -1 -1  0  0  1  0  1  0  1  0    7   7   3   4   1   4  12   5   2   4   7   4   2   3   7   8   7   2   4   6  0.05 0.07
  140 Y    0 -2 -1 -2  0 -1 -2 -2  0 -1 -1 -2  0  3 -1  0  0  1  4  2    8   3   3   3   2   3   3   3   2   4   6   3   2  11   3   6   6   2  14  12  0.26 0.20
  141 A    0  0  1  2 -1  0  1 -1  0 -2 -2  0  0 -2  2  0  0  1 -1 -1    8   5   6  11   2   5   7   5   2   3   5   6   2   2  10   7   6   2   3   4  0.11 0.12
  142 N   -1  0  0  0  2  0  0 -1  2  0 -1  0  2  1  0 -1  0  3  1 -1    5   5   5   5   5   5   5   5   5   5   5   5   5   5   5   5   5   5   5   5  0.09 0.08
  143 Q    0 -1  1  0  0  1  0 -1  1  0 -1 -2  0  0  1  0  0  2  2  0    7   3   6   6   2   7   6   5   3   5   6   2   3   5   6   6   6   3   7   5  0.07 0.08
  144 D    1 -1  0  2  0  1  2 -1  0 -2 -2 -1  0 -1  1  0  1  1 -1 -1   10   4   5  11   2   5  12   5   2   3   4   4   2   2   6   8   7   2   2   4  0.11 0.13
  145 L    0 -1  1  3 -1  3  3 -2  0 -2 -2 -1  0 -3 -3  0  0  0 -2 -2    9   3   5  14   1  11  16   4   2   2   5   4   2   2   2   6   5   1   2   3  0.28 0.27
  146 I    3 -2  0 -2  2 -1 -2  0  0  1  1 -2  2 -2 -2 -1 -1  1 -1  0   21   2   5   2   5   3   3   6   2   7  12   2   6   2   2   5   4   2   3   7  0.20 0.17
  147 Y   -1 -1 -1 -2  0 -1 -2 -3  0  2  2 -2  2  3 -2 -3 -1  1  2  1    5   3   3   2   2   2   3   2   2  10  20   3   4  12   2   2   4   2   7   9  0.30 0.19
  148 S    0  1  1  1 -1  2  1 -2  0 -1  0  0  1 -1 -1 -1  0  1 -1 -1    9   7   6   7   2  11   8   3   3   3  10   7   3   2   3   5   5   2   2   3  0.10 0.12
  149 D    3  1 -1  1 -2  1  0 -3 -1 -3  0  1  5 -3 -4 -1 -2 -1 -3 -3   23   7   3   8   1   5   6   2   1   1   9   8  12   1   1   5   3   1   1   2  0.43 0.35
  150 L   -3 -6 -5 -5 -3 -4 -6 -6 -3  0  5 -6  1  1 -6 -6 -4 -2 -1  4    3   1   1   1   1   1   1   1   1   6  44   1   3   5   1   1   1   1   2  27  1.18 0.67
  151 T    1  1  0 -1  0  2  1 -3  0 -1  1  1  1 -2 -3 -1 -2 -1 -2 -1   13   8   5   4   2   7   8   2   2   4  14  10   3   2   1   6   3   1   1   5  0.15 0.15
  152 A    2  0  2  1 -2  1  0 -2  0 -3 -2  1 -1 -1 -3  2  1 -1 -2 -3   13   6  10   7   1   6   5   4   3   2   4   9   2   3   1  14   7   1   1   2  0.22 0.22
  153 G   -4 -1  0  0 -2 -1 -1  6  0 -4 -5  0 -2 -4 -4 -3 -3 -1 -4 -5    2   4   5   5   1   3   4  54   3   1   1   7   1   1   1   3   2   1   1   1  1.17 0.71
  154 R   -3  5  0  0 -1  2  1 -1  1 -2 -3  2 -1 -1 -3 -2 -2  0 -2 -3    3  27   5   5   1   8   9   5   3   3   3  10   1   3   2   4   3   1   2   2  0.48 0.36
  155 L    2 -3 -1 -3  2 -2 -3 -2  0  3  0 -2 -1 -1 -2 -2 -2  0  1  3   15   2   3   2   5   2   2   4   2  15   9   3   2   3   2   4   3   1   4  18  0.32 0.22
  156 D   -2 -1 -1  6 -1  0  0 -3  0 -3 -4 -2 -1 -1 -1 -2 -2  0  2 -3    4   4   3  43   1   4   5   2   2   2   2   3   1   3   4   3   2   1   7   3  0.91 0.59
  157 A    5 -3 -3 -4  0 -3 -4  0 -1  0 -1 -4  0  0 -4 -3 -3  0  2  1   38   2   1   1   2   1   1   8   1   5   6   2   2   4   1   2   2   2   7  10  0.65 0.45
  158 A    1 -4 -3 -4  0 -3 -4 -2 -1  1  0 -4  2  4 -8 -3  1  2  2  2   13   1   2   1   2   1   1   3   2   7   9   1   5  18   0   2   9   2   8  13  0.52 0.33
  159 L    0 -5 -5 -5 -1 -4 -5 -5 -3  4  2 -5  2  2 -1 -3 -1  0  0  3    9   1   1   1   1   1   1   1   1  20  18   1   4   8   3   2   4   1   3  20  0.64 0.37
  160 Q    1 -1  0  0 -1 -1 -1  1 -1  1  0 -4  3 -1 -4  0  1  0  0  1   11   3   5   6   1   2   4  11   2   7   8   1   7   2   1   6   9   1   3   9  0.13 0.13
  161 D   -2 -4  2  6 -3 -3  1 -1 -2 -2 -4 -5 -2 -3  0  0 -1  2 -1 -3    3   1   8  38   1   1   9   5   1   2   2   1   1   1   5   8   4   3   3   3  0.82 0.56
  162 E    0  1  0  1 -2  0  1 -1 -1 -1 -1  0  0 -1 -2  1 -1  0  1 -1    9   8   5   8   1   5   8   5   1   4   7   6   2   2   2  12   4   1   4   5  0.07 0.09
  163 V    1 -2  0 -1 -2 -1 -1 -2  0  1  0 -3  0 -1  3  1  1 -1  0  0   10   2   4   3   1   3   4   3   3   8   9   1   2   3  16   9   8   1   3   7  0.19 0.19
  164 A    0 -1  0 -1  0  0  0 -1  0  0 -1 -1  1  0  0  0  0  2  1  1    8   4   4   4   3   4   7   5   3   6   5   4   4   4   4   7   7   3   4  11  0.03 0.04
  165 A    2 -2 -1 -2  1 -1 -2  0  0  1  2 -2  1  0 -1 -1 -1  2  0  0   15   3   4   3   3   3   3   6   3   6  18   3   4   4   3   5   4   3   3   7  0.10 0.09
  166 S    1  1  0  0  0  1  1 -1  1 -1  0  0  0  0 -1  0 -1  2  1 -1   11   7   6   6   2   5   8   5   3   4   8   6   3   3   3   6   4   3   4   4  0.04 0.04
  167 E    1 -1  0 -1 -1  0 -1 -1  1 -1  0 -1  0  1 -1 -1 -1  3  5 -1   10   4   4   4   1   4   4   5   4   3   8   4   2   5   3   6   3   3  18   4  0.27 0.20
  168 G    0 -1  0  0 -1  0  0  0  0  0  0 -1  1  1 -2 -1 -1  3  3  0    9   3   4   5   1   4   6   7   3   5  11   3   4   6   2   4   4   4   9   5  0.08 0.07
  169 F    1  0 -1 -3 -1  0 -2 -3 -1  2  2 -2  2  1 -3 -2 -1  2  2  1   11   5   3   2   1   5   3   2   1  11  18   3   4   6   1   3   3   3   6   9  0.21 0.15
  170 L    1  1  0 -1 -1  1  0 -2  0  0  1  1  0 -1 -2  0 -1 -1 -1  0   12   8   4   4   1   6   5   3   2   6  12  10   3   3   2   6   4   1   2   6  0.06 0.06
  171 K    1  2  0  0 -2  2  1 -2  0 -1 -2  3 -1 -2 -3  0  0 -2 -1 -2   11   9   5   5   1   9   8   3   2   3   5  16   1   2   1   7   5   1   2   3  0.21 0.19
  172 Q   -1  0  0  0  2  0  0 -1  2  0 -1  0  2  1  0 -1  0  3  1 -1    5   5   5   5   5   5   5   5   5   5   5   5   5   5   5   5   5   5   5   5  0.09 0.08
  173 P   -1  0  0  0  1  0  0  0  1 -1 -1  0  0  0  2  0 -1  2  1 -1    6   4   5   5   3   5   5   8   3   3   5   6   3   4  11   5   4   3   5   4  0.06 0.09
  174 A    0  0  1  1  0  0  0  0  1 -1 -1  0  0  0  1  0  0  1  0 -1    7   5   7   7   2   5   6   8   3   4   7   6   3   4   8   5   4   2   3   4  0.04 0.02
  175 G    0  0  0  0  0  0  0  1  0 -1  0  0  0  0  2  0 -1  1  0 -1    7   5   5   6   2   4   6  13   2   3   8   5   2   3   9   6   4   2   3   4  0.06 0.06
  176 K   -1  0  0  0  2  0  0 -1  2  0 -1  0  2  0  0 -1  0  3  1 -1    5   5   5   5   5   5   5   5   5   5   5   5   5   5   5   5   5   5   5   5  0.03 0.09
  177 E   -1  0  0  0  2  0  0 -1  2  0 -1  0  2  0  0 -1  0  3  1 -1    5   5   5   5   5   5   5   5   5   5   5   5   5   5   5   5   5   5   5   5  0.03 0.09
  178 Y   -1  0  0  0  2  0  0 -1  2  0 -1  0  2  0  0 -1  0  3  1 -1    5   5   5   5   5   5   5   5   5   5   5   5   5   5   5   5   5   5   5   5  0.03 0.09
  179 A   -1  0  0  0  2  0  0 -1  2  0 -1  0  2  0  0 -1  0  3  1 -1    5   5   5   5   5   5   5   5   5   5   5   5   5   5   5   5   5   5   5   5  0.03 0.09
  180 F   -1  0  0  0  2  0  0 -1  2  0 -1  0  2  0  0 -1  0  3  1 -1    5   5   5   5   5   5   5   5   5   5   5   5   5   5   5   5   5   5   5   5  0.03 0.09
  181 A   -1  0  0  0  2  0  0 -1  2  0 -1  0  2  0  0 -1  0  3  1 -1    5   5   5   5   5   5   5   5   5   5   5   5   5   5   5   5   5   5   5   5  0.03 0.09
  182 G   -1  0  0  0  2  0  0 -1  2  0 -1  0  2  0  0 -1  0  3  1 -1    5   5   5   5   5   5   5   5   5   5   5   5   5   5   5   5   5   5   5   5  0.03 0.09
  183 P   -1  0  0  0  2  0  0 -1  2  0 -1  0  2  0  0 -1  0  3  1 -1    5   5   5   5   5   5   5   5   5   5   5   5   5   5   5   5   5   5   5   5  0.03 0.09
  184 S   -1  0  0  0  2  0  0 -1  2  0 -1  0  2  0  0 -1  0  3  1 -1    5   5   5   5   5   5   5   5   5   5   5   5   5   5   5   5   5   5   5   5  0.03 0.09
  185 V   -1  0  0  0  2  0  0 -1  2  0 -1  0  2  0  0 -1  0  3  1 -1    5   5   5   5   5   5   5   5   5   5   5   5   5   5   5   5   5   5   5   5  0.03 0.09
  186 K   -1  0  0  0  2  0  0 -1  2  0 -1  0  2  1  0 -1  0  3  1 -1    5   5   5   5   5   5   5   5   5   5   5   5   5   5   5   5   5   5   5   5  0.09 0.08
  187 D    0  0  1  1  1  0  0  0  1 -1 -1  0  0  0  1  0  0  2  0 -1    7   5   6   8   3   5   6   7   4   4   6   5   3   4   6   6   5   3   3   5  0.03 0.03
  188 K   -1  0  0  0  2  0  0 -1  2  0 -1  0  2  1  0 -1  0  3  1 -1    5   5   5   5   5   5   5   5   5   5   5   5   5   5   5   5   5   5   5   5  0.09 0.08
  189 K   -1  0  0  0  2  0  0 -1  2  0 -1  0  2  1  0 -1  0  3  1 -1    5   5   5   5   5   5   5   5   5   5   5   5   5   5   5   5   5   5   5   5  0.09 0.08
  190 Y   -1  0  0 -1  1  0  0 -1  1  0  0 -1  1  2  0  0  0  2  2  0    5   4   4   4   3   4   5   5   4   6   8   4   3   9   5   6   5   3   7   5  0.06 0.05
  191 F   -1  0  0  0  2  0  0 -1  2  0 -1  0  2  0  0 -1  0  3  1 -1    5   5   5   5   5   5   5   5   5   5   5   5   5   5   5   5   5   5   5   5  0.03 0.09
  192 G   -1  0  0  0 -1  0  0  0  0 -1 -2  0  0  0  2  0  0  0  0  0    6   5   4   6   1   5   7   8   2   3   4   6   2   4   9   7   7   2   3   6  0.03 0.06
  193 D    0 -1  0  0 -1  1  2  0  0  0 -1 -1  0  0 -1  0  0  1  1  0    7   3   4   5   1   6  12   7   2   5   6   4   2   4   3   8   6   2   4   6  0.04 0.06
  194 G   -1  0  0  1 -1  1  0  1  1 -2 -2 -1 -1 -1  3  0 -1  0  1 -2    6   4   4   8   1   5   7   9   3   3   4   4   2   3  15   6   4   2   4   3  0.11 0.17
  195 T   -1 -2 -1 -1 -1 -1 -2 -1  0  1  1 -2  1  2 -2 -1  0  1  3  1    4   3   3   4   2   3   3   4   2   9  14   3   3   7   2   5   5   2  10   8  0.11 0.12
  196 G    3 -1 -2 -3  0 -2 -3  3  2 -3 -4 -3 -1 -1 -2  0 -1  0  3 -2   19   4   2   2   2   2   2  23   4   2   2   2   1   3   3   6   4   2   9   3  0.41 0.36
  197 V   -1  0  0 -2  2  0  0 -1  2  0 -1  0  1  0  0  0  0  3  1  0    5   5   5   0   5   5   5   5   5   5   5   5   5   5   5   5   5   5   5   5  0.07 0.11
  198 G   -1  0  0  0  2  0  0 -1  2  0 -1  0  2  1  0 -1  0  3  1 -1    5   5   5   5   5   5   5   5   5   5   5   5   5   5   5   5   5   5   5   5  0.09 0.08
  199 L   -1  0  0  0  2  0  0 -1  2  0 -1  0  2  1  0 -1  0  3  1 -1    5   5   5   5   5   5   5   5   5   5   5   5   5   5   5   5   5   5   5   5  0.09 0.08
  200 R   -1  0  0  0  2  0  0 -1  2  0 -1  0  2  1  0 -1  0  3  1 -1    5   5   5   5   5   5   5   5   5   5   5   5   5   5   5   5   5   5   5   5  0.09 0.08
  201 K   -1  0  0  0  2  0  0 -1  2  0 -1  0  2  1  0 -1  0  3  1 -1    5   5   5   5   5   5   5   5   5   5   5   5   5   5   5   5   5   5   5   5  0.09 0.08
  202 D   -1  0  1  1  1  0  0  2  1 -2 -2  0  0 -1 -1  0  0  2  0 -2    5   5   8   9   3   4   5  14   3   3   3   6   3   3   3   7   6   2   3   4  0.11 0.11
  203 D   -1 -1  2  3  1  0  0 -1  2 -3 -3 -1 -1 -2  1  2 -2  1  0 -3    5   4  10  18   3   4   5   5   5   2   3   4   2   2   6  13   3   2   3   2  0.30 0.26
  204 T   -1  0  0  0  2  0  0 -1  2  0 -1  0  2  1  0 -1  0  3  1 -1    5   5   5   5   5   5   5   5   5   5   5   5   5   5   5   5   5   5   5   5  0.09 0.08
  205 E   -1  0  0  0  2  0  0 -1  2  0 -1  0  2  1  0 -1  0  3  1 -1    5   5   5   5   5   5   5   5   5   5   5   5   5   5   5   5   5   5   5   5  0.09 0.08
  206 L   -2 -2 -1 -2  1 -1 -2 -3  0  0  4 -2  1  1 -1 -2 -1  4  0 -1    4   3   3   3   2   3   3   3   3   4  33   3   3   6   3   3   3   5   4   5  0.40 0.27
  207 K   -1  0  0  0  2  0  0 -1  2  0 -1  0  2  1  0 -1  0  3  1 -1    5   5   5   5   5   5   5   5   5   5   5   5   5   5   5   5   5   5   5   5  0.09 0.08
  208 A    1  0  0  1  1  1  1 -1  1 -2 -2  1  0 -1  0  0 -1  2  0 -2   12   5   5   9   2   7  10   4   3   3   3   7   3   3   4   7   5   2   3   3  0.11 0.13
  209 A   -1  0  0  0  2  0  0 -1  2  0 -1  0  2  1  0 -1  0  3  1 -1    5   5   5   5   5   5   5   5   5   5   5   5   5   5   5   5   5   5   5   5  0.09 0.08
  210 F   -1  0  0  0  2  0  0 -1  2  0 -1  0  2  1  0 -1  0  3  1 -1    5   5   5   5   5   5   5   5   5   5   5   5   5   5   5   5   5   5   5   5  0.09 0.08
  211 D   -2  2  4  2  2  1 -1  0  1 -2 -3 -1  0 -1  0 -2 -1  2  0 -2    4   9  17   9   4   5   5   8   3   3   3   5   3   3   5   4   3   3   3   3  0.26 0.22
  212 K    1  1  1  1  0  1  1 -2  0 -1 -2  1  0 -1 -2 -1 -1  5 -1 -1   10   6   5   7   2   7   9   4   2   3   4  10   2   3   3   5   4   7   2   4  0.18 0.17
  213 A    3 -2 -2 -3  1  0 -1  1  1 -1 -2 -1  0  2 -3 -1  1  3 -1  0   26   2   2   2   2   4   4   9   3   4   4   3   2   8   2   4   7   3   2   7  0.29 0.24
  214 L   -1  0  0  0  2  0  0 -1  2  0 -1  0  2  1  0 -1  0  3  1 -1    5   5   5   5   5   5   5   5   5   5   5   5   5   5   5   5   5   5   5   5  0.09 0.08
  215 T    0  1  1  0  0  1  0 -1  1 -1 -1  1  0  1 -1 -1 -1  2  1 -1    9   7   8   5   2   7   7   4   4   4   6   7   3   5   3   4   4   3   5   5  0.06 0.07
  216 E   -1  0  0  0  2  0  0 -1  2  0 -1  0  2  1  0 -1  0  3  1 -1    5   5   5   5   5   5   5   5   5   5   5   5   5   5   5   5   5   5   5   5  0.09 0.08
  217 L   -1 -1  0 -2  1 -1 -1 -3  1  2  2 -2  4  0 -2 -2 -1  2  0  0    5   3   4   3   3   3   4   3   3  10  20   3   9   4   3   4   3   3   4   5  0.19 0.17
  218 R   -1  0  0  0  2  0  0 -1  2  0 -1  0  2  1  0 -1  0  3  1 -1    5   5   5   5   5   5   5   5   5   5   5   5   5   5   5   5   5   5   5   5  0.09 0.08
  219 Q   -1  0  0  0  2  0  0 -1  2  0 -1  0  2  1  0 -1  0  3  1 -1    5   5   5   5   5   5   5   5   5   5   5   5   5   5   5   5   5   5   5   5  0.09 0.08
  220 D   -1 -1  2  3  1  0  0 -1  1 -2 -3 -1  0 -1 -1  2  0  2  0 -2    5   4   9  15   3   5   7   5   3   3   3   4   3   3   3  13   5   2   3   3  0.20 0.18
  221 G   -1  0  0  0  2  0  0 -1  2  0 -1  0  2  1  0 -1  0  3  1 -1    5   5   5   5   5   5   5   5   5   5   5   5   5   5   5   5   5   5   5   5  0.09 0.08
  222 T   -1  0  0  0  2  0  0 -1  2  0 -1  0  2  1  0 -1  0  3  1 -1    5   5   5   5   5   5   5   5   5   5   5   5   5   5   5   5   5   5   5   5  0.09 0.08
  223 Y   -1  0  0  0  2  0  0 -1  2  0 -1  0  2  1  0 -1  0  3  1 -1    5   5   5   5   5   5   5   5   5   5   5   5   5   5   5   5   5   5   5   5  0.09 0.08
  224 D    0  1  1  1  1  2  1 -2  1 -1 -1  1  1 -1 -1 -1 -1  2  0 -1    9   7   6   8   3   9   9   4   3   3   5   7   3   3   3   5   4   3   3   4  0.09 0.10
  225 K   -1  0  0  0  2  0  0 -1  2  0 -1  0  2  1  0 -1  0  3  1 -1    5   5   5   5   5   5   5   5   5   5   5   5   5   5   5   5   5   5   5   5  0.09 0.08
  226 M   -1  0  0  0  2  0  0 -1  2  0 -1  0  2  1  0 -1  0  3  1 -1    5   5   5   5   5   5   5   5   5   5   5   5   5   5   5   5   5   5   5   5  0.09 0.08
  227 A    0  0 -1 -1  1  0 -1 -2  1  0  1 -1  2  1 -1 -1 -1  2  3  0    6   5   3   3   3   4   5   3   3   6  13   5   4   7   3   4   4   3  11   6  0.13 0.10
  228 K   -1  0  0  0  2  0  0 -1  2  0 -1  0  2  1  0 -1  0  3  1 -1    5   5   5   5   5   5   5   5   5   5   5   5   5   5   5   5   5   5   5   5  0.09 0.08
  229 K   -1  2  0  0  1  1  0 -2  1 -2 -3  3  0 -1  0 -1 -1  2  0 -2    5  12   5   5   2   5   6   3   3   3   3  20   3   3   4   4   4   2   3   3  0.26 0.22
  230 Y   -3 -3  0 -2  0 -2 -2 -3  3 -2 -3 -3  0  0 -3 -2 -2  9  6 -3    3   2   4   3   2   3   3   2   6   3   3   2   2   4   2   3   3  25  22   2  1.26 0.74
  231 F   -1  0  0  0  2  0  0 -1  2  0 -1  0  2  1  0 -1  0  3  1 -1    5   5   5   5   5   5   5   5   5   5   5   5   5   5   5   5   5   5   5   5  0.09 0.08
  232 D   -1  0  0  0  2  0  0 -1  2  0 -1  0  2  1  0 -1  0  3  1 -1    5   5   5   5   5   5   5   5   5   5   5   5   5   5   5   5   5   5   5   5  0.09 0.08
  233 F   -1  0  0  0  0  0  0  0  1 -1 -1  0  0  0  1  0  0  2  0  0    6   5   5   6   2   5   7   7   3   4   4   5   3   4   8   6   6   3   4   6  0.05 0.05
  234 N   -1  0  0  0 -3  0  0 -1  1  0 -1  0  1  0  0  0  0  3  1  0    5   5   5   5   0   5   5   5   5   5   5   5   5   5   5   5   5   5   5   5  0.06 0.08
  235 V   -1  0  0  0  2  0  0 -1  2  0 -1  0  2  1  0 -1  0  3  1 -1    5   5   5   5   5   5   5   5   5   5   5   5   5   5   5   5   5   5   5   5  0.09 0.08
  236 Y   -1 -1  0  0  1  1 -1 -2  1 -1 -1 -1  1  1  0  1  2  2  2 -1    4   4   4   5   2   5   4   3   3   3   7   4   3   6   5  11  11   3   7   5  0.10 0.12
  237 G   -1 -2 -1 -2  7  0  0  0 -2 -2 -4  0 -4 -4  3  1  0 -5 -4 -2    5   1   3   2  29   4   6   8   1   2   1   7   0   1  14  10   5   0   0   3  0.71 0.40
  238 D   -2 -2  1  6 -4 -1  1  1 -2 -4 -4  0 -3 -4 -2 -1 -2 -5 -4 -4    0   0   0  84   0   0   0  10   0   0   0   6   0   0   0   0   0   0   0   0  0.93 0.10

                      K         Lambda
PSI Ungapped         0.0821     0.3197
PSI Gapped           0.0251     0.2670
