
Last position-specific scoring matrix computed, weighted observed percentages rounded down, information per position, and relative weight of gapless real matches to pseudocounts
            A   R   N   D   C   Q   E   G   H   I   L   K   M   F   P   S   T   W   Y   V   A   R   N   D   C   Q   E   G   H   I   L   K   M   F   P   S   T   W   Y   V
    1 G     0  -2   0  -1  -3  -2  -2   6  -2  -4  -4  -2  -3  -3  -2   0  -2  -3  -3  -3    0   0   0   0   0   0   0 100   0   0   0   0   0   0   0   0   0   0   0   0  1.04 0.00
    2 T     0   0   0   0   1   0   1  -1   0  -1  -2   0   5  -1   0   1   0   1  -1  -2    7   4   4   6   3   5   8   4   2   3   4   5  13   2   4   9   7   2   2   3  0.15 0.20
    3 T     0   0   0   0   0   0   0  -1   1  -1  -2   0   4  -1   0   0   1   2   0  -1    7   4   5   6   2   4   7   4   3   4   4   6  10   3   5   6   7   2   3   5  0.08 0.13
    4 K    -1   0   0   0   2   0   0  -1   2   0  -1   0   2   1   0  -1   0   4   1  -1    5   5   5   5   5   5   5   5   5   5   5   5   5   5   5   5   5   5   5   5  0.09 0.08
    5 H    -1   0  -1   0  -1   0   1   0   2   0  -2   1   3  -3   1   0   0  -2  -2  -1    6   6   3   6   2   3   8   7   6   6   2  10   8   1   7   7   6   1   1   5  0.11 0.14
    6 S    -2   1  -2  -2   0   0  -1  -2   1  -1  -2   2   2   2  -1  -1   0   0   4  -1    4   9   1   2   2   5   4   3   3   4   3  12   6   9   4   4   7   1  14   3  0.23 0.23
    7 K    -3   2   0   4   0   1  -1  -2   1  -4  -4   2  -1  -3   0   0   0  -2  -3  -3    2  13   4  26   2   5   3   2   4   1   2  13   2   1   6   6   7   1   1   2  0.45 0.36
    8 L    -2  -2  -2  -3   1  -1  -3  -4   1   3   1  -3   3  -1  -3  -1  -1  -1  -1   3    3   2   2   1   3   3   2   1   4  15  15   1   9   2   1   4   3   1   2  24  0.38 0.29
    9 L     1  -2  -2  -3   1  -3  -3  -2   0   2   1  -2   1   0  -2  -1   0   0  -1   3   13   2   2   2   4   0   0   3   2  12  13   1   3   5   1   3   6   1   1  24  0.24 0.23
   10 I    -2   0  -2  -4   0  -2  -4  -2   0   4   1  -2   2   0  -2  -1   0  -4  -1   3    3   5   2   0   2   2   0   3   3  25  11   2   4   4   2   4   5   0   2  23  0.38 0.30
   11 L     0   0  -3  -2   0   1  -1  -2  -1   3   0  -3   1   1  -2  -1  -1   1  -1   2    7   5   0   2   2   7   3   2   2  21   8   0   3   6   2   6   4   2   2  18  0.20 0.22
   12 G    -2  -1  -1  -1   1  -4  -2   5  -5  -1  -1  -1   1  -1  -5  -1   0   2  -5  -2    3   3   3   3   3   0   3  47   0   3   6   3   3   3   0   4   6   3   0   3  0.69 0.46
   13 S     0   0   0   0   2   0   0  -1   1   0  -1   0   1   0   0   0   0  -2   1   0    5   5   5   5   5   5   5   5   5   5   5   5   5   5   5   5   5   0   5   5  -0.00 0.06
   14 G    -2  -1  -1  -2  -1  -3  -4   6  -1  -4  -4  -3  -2  -1  -3   0  -2   0  -6  -2    3   3   3   2   2   1   1  56   1   1   2   1   1   3   1   8   3   1   0   3  1.05 0.66
   15 P     0   0  -1  -1   0   0  -2  -2   2  -1  -2  -2   2  -1   4   0   0   1   1   0    7   5   3   4   2   5   2   3   5   3   3   2   6   3  22   7   5   2   5   7  0.30 0.28
   16 A     3   0  -1  -1   1  -1  -1   2   0  -1  -2  -1   0  -1  -1   1  -1  -4  -1  -1   25   5   3   3   3   3   4  16   3   3   4   3   3   3   3   9   4   0   3   3  0.19 0.20
   17 G     0   0   0  -2   2  -1   0   0   2  -2  -1   0   1  -2   1   0   0   4   1   0    6   6   6   0   6   0   6   6   6   0   6   6   6   0   6   6   6   6   6   6  0.10 0.15
   18 Y    -2  -1  -3  -3   0  -2  -3  -3   2   1   4  -3   4   0  -2  -3  -2   1   3  -1    3   4   2   2   2   2   2   3   4   8  31   2   8   3   3   2   3   2  10   5  0.50 0.33
   19 T     0   2  -1  -1   0   0  -1   0   1   0  -3   0   0   2  -1   0   1   1   0   0   10  10   3   3   2   5   4   6   3   6   2   5   2   7   4   7   8   2   4   6  0.06 0.09
   20 A     3  -2   0  -2   3  -1  -2   0   0   0  -1  -6   2   1   0  -1   0   2   0  -1   23   3   4   3   6   3   3   6   3   6   6   0   4   6   4   4   6   3   3   5  0.25 0.20
   21 A    -1   0   0   0   2   0   0  -1   2   0  -1   0   2   1   0  -1   0   4   1  -1    5   5   5   5   5   5   5   5   5   5   5   5   5   5   5   5   5   5   5   5  0.09 0.08
   22 V    -1   1  -1   0   1   0   0  -1   1   1   0   0   1   0  -1  -1  -1   2   2  -1    6   7   3   5   3   4   7   4   4   8  11   6   3   4   3   4   4   3   7   5  0.05 0.05
   23 Y    -1   0   0   0   2   0  -1  -1   2   0  -1   0   2   0   0  -1   0   3   1  -1    5   5   5   5   5   5   5   5   5   5   5   5   5   5   5   5   5   5   5   5  0.03 0.09
   24 A    -1   0   0   0   2   0   0  -1   2   0  -1   0   2   1   0  -1   0   4   1  -1    5   5   5   5   5   5   5   5   5   5   5   5   5   5   5   5   5   5   5   5  0.09 0.08
   25 A    -1   0   0   0   2   0   0  -1   2   0  -1   0   2   1   0  -1   0   4   1  -1    5   5   5   5   5   5   5   5   5   5   5   5   5   5   5   5   5   5   5   5  0.09 0.08
   26 R    -1   4   0  -1   1   1   0  -2   1  -1  -2   2   1  -1  -1  -1  -1   2  -1  -2    6  21   4   4   3   6   6   4   3   3   5  10   3   3   3   5   4   2   3   3  0.26 0.21
   27 A    -1   0   0   0   2   0   0  -1   2   0  -1   0   2   1   0  -1   0   4   1  -1    5   5   5   5   5   5   5   5   5   5   5   5   5   5   5   5   5   5   5   5  0.09 0.08
   28 N    -1   0   0   0   2   0   0  -1   2   0  -1   0   2   1   0  -1   0   4   1  -1    5   5   5   5   5   5   5   5   5   5   5   5   5   5   5   5   5   5   5   5  0.09 0.08
   29 L     0   0  -1  -2   1  -1  -2  -2   5   0   1  -1   1   1  -1  -2  -1   2   2   0    8   4   3   3   3   3   3   4  12   5  13   3   4   5   3   3   4   3   7   7  0.23 0.17
   30 Q    -2   1   0   1   1   1   2  -2   1  -2  -3   2   0  -1   0   0   0   2  -1  -2    4   8   5   9   2   6  12   3   3   3   3  11   2   2   4   8   5   2   2   3  0.15 0.18
   31 P    -2  -4  -3  -4   0  -1  -4  -5   0   2  -2  -4  -2  -2   3  -3   2  -1  -2   4    3   1   2   1   2   3   1   1   3  11   4   2   1   2  16   2  14   1   2  29  0.73 0.49
   32 V     1  -2  -2  -2   0   0  -1   1   0   1   1  -2   1  -1  -2  -2   3   0  -2   2   11   3   2   2   2   4   4   9   2   7  12   2   3   3   2   3  15   1   2  12  0.15 0.15
   33 L    -3  -3  -3  -3   0  -2  -3  -3  -1   3   2  -3   3  -1  -2  -3  -2   1  -1   4    3   2   2   2   2   2   2   3   2  15  19   2   7   3   2   2   3   2   2  24  0.54 0.32
   34 I    -1  -1  -1  -5   2   0  -2  -2   1   3   1  -1   1   2  -2  -2  -1   2   1   2    4   3   3   0   5   4   3   3   3  17  11   4   3   7   3   3   3   3   4  13  0.28 0.17
   35 T    -1   0   0   0   2   0   0  -1   2   0  -1   0   2   1   0  -1   0   4   1  -1    5   5   5   5   5   5   5   5   5   5   5   5   5   5   5   5   5   5   5   5  0.09 0.08
   36 G     0   0   0   1   1   0   1   1   1  -1  -2   1   1   0   0  -1  -1   2   0  -1    9   5   4   7   3   5   9   9   3   3   3   7   3   4   5   5   4   3   3   4  0.06 0.07
   37 M    -1   0   0   0   2   0   0  -1   2   0  -1   0   2   1   0  -1   0   4   1  -1    5   5   5   5   5   5   5   5   5   5   5   5   5   5   5   5   5   5   5   5  0.09 0.08
   38 E    -1   0   0   0   2   0   0  -1   2   0  -1   0   2   1   0  -1   0   4   1  -1    5   5   5   5   5   5   5   5   5   5   5   5   5   5   5   5   5   5   5   5  0.09 0.08
   39 K     0   0   0  -1   1   0   0   0   1   0  -1  -1   1   0   2   0  -1   2   0   0    8   5   4   4   3   4   5   6   3   5   7   4   3   4  10   7   4   3   3   6  0.03 0.05
   40 G     0   0   0   0   2   0   0  -1   1   0  -1   0   1   0   0   0   0  -2   1   0    5   5   5   5   5   5   5   5   5   5   5   5   5   5   5   5   5   0   5   5  0.03 0.05
   41 G    -1  -1  -1  -1   1  -1  -1   4   3  -1  -2  -1   0  -1  -1  -1  -1   2   0  -2    4   3   3   4   3   4   4  32   6   3   4   3   3   3   3   4   4   3   3   4  0.41 0.26
   42 Q    -1   0   0   0   2   0   0  -1   2   0  -1   0   2   1   0  -1   0   4   1  -1    5   5   5   5   5   5   5   5   5   5   5   5   5   5   5   5   5   5   5   5  0.09 0.08
   43 L    -1   0   0   0   2   0   0  -1   2   0  -1   0   2   1   0  -1   0   4   1  -1    5   5   5   5   5   5   5   5   5   5   5   5   5   5   5   5   5   5   5   5  0.09 0.08
   44 T    -1   0   0   0   2   0   0  -1   2   0  -1   0   2   1   0  -1   0   4   1  -1    5   5   5   5   5   5   5   5   5   5   5   5   5   5   5   5   5   5   5   5  0.09 0.08
   45 T    -1   0   1  -1   1   1  -1  -1   1   0  -1  -1   1   1  -1   0   1   3   3  -1    5   4   7   4   3   5   4   4   3   5   7   4   3   5   4   6   7   3  10   5  0.09 0.10
   46 T     1   0  -1  -2   2  -1  -1  -1   0   0  -1  -1   0  -1   1   0   2   1  -1   0   11   6   3   3   4   3   4   4   2   5   6   4   2   3   7   7  14   2   2   8  0.09 0.09
   47 T     0   0   0   0   1   0   0   0   1  -1  -2   1   1  -1   0   0   1   2   0  -1    8   4   5   5   3   3   5   8   4   4   4   9   3   3   5   8   9   3   3   4  0.05 0.06
   48 E    -1   0   0   0   2   0  -1  -1   2   0  -1   0   2   0   0  -1   0   3   1  -1    5   5   5   5   5   5   5   5   5   5   5   5   5   5   5   5   5   5   5   5  0.03 0.09
   49 V     0  -2  -1  -2   0   0  -1  -2   4   3   0  -2   2   2  -1  -2  -2   1   1   1    7   2   3   3   2   4   5   3  10  14   9   2   5   7   3   4   3   2   5   8  0.23 0.15
   50 E    -1   0   0   0   1   0   2  -2   3  -1  -1  -1   0   0   0   0   0   3   1   0    5   5   4   5   3   4  12   4   7   4   6   4   3   4   5   6   5   3   5   6  0.10 0.10
   51 N    -1   0   0   0   2   0   0  -1   2   0  -1   0   2   1   0  -1   0   4   1  -1    5   5   5   5   5   5   5   5   5   5   5   5   5   5   5   5   5   5   5   5  0.09 0.08
   52 W    -1   0   0   0   2   0   0  -1   2   0  -1   0   2   1   0  -1   0   4   1  -1    5   5   5   5   5   5   5   5   5   5   5   5   5   5   5   5   5   5   5   5  0.09 0.08
   53 P    -1   0   0   0   2   0   0  -1   2   0  -1   0   2   1   0  -1   0   4   1  -1    5   5   5   5   5   5   5   5   5   5   5   5   5   5   5   5   5   5   5   5  0.09 0.08
   54 G    -1   0   0   0   2   0   0  -1   2   0  -1   0   2   1   0  -1   0   4   1  -1    5   5   5   5   5   5   5   5   5   5   5   5   5   5   5   5   5   5   5   5  0.09 0.08
   55 D    -2  -1  -1  -1   1  -1  -2  -2   1   1   1   0   2   3  -1  -1  -1   3   2   0    4   4   3   3   3   3   3   3   4   8  13   6   4  11   3   4   4   4   8   6  0.17 0.12
   56 P    -1   1   0   2   1   0   0  -2   1  -1  -1   0   1  -1   2  -1  -1   2   1  -1    6   6   4  10   3   4   6   4   4   4   6   6   4   3  10   5   4   3   4   5  0.10 0.10
   57 N    -1   1   0   0   0   1   2  -1   0  -1  -1   0   0  -1   0   0   0   1   2  -1    6   8   4   6   2   6  11   5   2   3   6   6   2   3   6   5   5   2   6   5  0.07 0.06
   58 D     0  -1  -1   0   0   0   0   1   1  -1  -1   0   0   1   0  -1   0   1   1   0    8   4   3   5   2   4   7  11   3   3   5   6   2   7   5   5   5   2   6   8  0.04 0.05
   59 L     0  -1  -1  -2   1  -1  -2  -2   1   2   1   0   1   0   0  -2  -1   2   0   1    7   4   3   3   3   3   3   3   3  13  14   5   4   4   5   3   4   3   3   9  0.11 0.08
   60 T     0   0   0   1   1   0   0  -1   1  -1   0  -1   1  -1   0   1   1   2   0   0    7   4   4   8   3   3   5   5   3   3   8   4   4   3   5   9  10   3   3   6  0.04 0.06
   61 G    -1   0   0   0   2   0   0  -1   2   0  -1   0   2   1   0  -1   0   4   1  -1    5   5   5   5   5   5   5   5   5   5   5   5   5   5   5   5   5   5   5   5  0.09 0.08
   62 P     1   1  -1   1  -4   0   1   0   1  -3  -3   1  -2  -2   2   0   0  -1  -2  -3   11   7   3   9   0   5  10   7   3   2   3   8   1   2  11   7   6   1   1   2  0.18 0.19
   63 L     0  -1  -1   3  -4   1   3  -1   1  -3  -3   1  -2  -3  -4   0  -1   0  -3  -2    9   4   3  15   0   7  20   4   3   2   3   9   1   1   1   7   4   2   1   4  0.34 0.29
   64 L    -1  -3  -4  -3  -3  -4  -4  -5   0   3   4  -4   2   1  -3  -3  -2   0   0   2    5   2   1   2   1   1   2   1   2  14  34   2   5   5   1   2   3   1   3  12  0.65 0.38
   65 M     2   0  -4  -3  -2  -1  -1  -3  -2   2   1  -2   3   0  -2  -1  -1  -2  -1   2   16   5   1   2   1   3   4   2   1  11  12   2   7   4   2   5   5   1   2  14  0.26 0.19
   66 E     1   0   0   3  -3   1   2  -1   0  -2   0   0   0  -2  -1  -1  -1   0  -2  -1   11   5   4  14   1   6  12   5   2   3   9   6   2   2   3   5   4   1   2   5  0.14 0.14
   67 R     0   3   1   0  -3   1  -1  -2   2  -3  -3   1  -2  -2   1  -1  -1   2   2  -3    7  17   7   5   1   6   5   3   4   2   3   8   1   2   7   5   3   3   7   2  0.28 0.24
   68 M     0   0  -3  -1  -2  -2   0  -2  -2   1   2   0   3   2  -2  -2  -1   0   2  -1    7   5   1   4   1   2   6   4   1   6  19   6   7   8   2   4   4   1   7   4  0.16 0.13
   69 H     0   3   0   0  -2   0   1  -3   0   1  -1   0   0  -1   1  -2  -1  -1  -1   0    7  16   4   5   1   5   9   2   2   8   6   5   2   2   7   4   3   1   3   7  0.16 0.16
   70 E     2   1   0   2  -3   1   3  -1   0  -4  -4   1  -2  -4  -1   0  -1   1  -3  -3   13   6   4  10   1   6  19   6   2   1   2  10   1   1   4   6   3   2   1   2  0.33 0.29
   71 H    -2  -1  -2  -1  -2   4   0  -2   3   0  -1  -2   0   1  -3  -2  -2   3   3   0    3   4   2   3   1  20   7   3   7   5   8   3   3   6   1   3   2   4   8   8  0.40 0.29
   72 A     2  -2  -3  -1   0  -1  -2  -3   1   1   2  -2   2   1  -2  -2  -2   1   1   1   17   2   1   4   2   3   3   2   3   8  17   3   4   5   2   4   3   2   5  11  0.20 0.15
   73 T     1   2  -1   1  -1   1   2  -1   0  -2  -1   2   0  -2  -2   0   0  -1  -2  -2   12   9   3   7   2   5  13   4   2   2   6  12   2   2   2   6   5   1   1   3  0.16 0.15
   74 K     1   3   0   1  -2   1   1  -1   1  -3  -2   2  -1  -2  -1   0  -1   0  -1  -2   11  13   4   7   1   7   8   6   4   2   4  12   2   2   3   6   4   1   2   2  0.19 0.17
   75 F    -1   0   1  -2  -1  -1  -1  -2   2  -1   1  -1   1   4  -2  -2  -2   1   4  -2    5   5   7   3   1   3   5   3   4   3  15   5   3  15   3   3   3   2  11   3  0.31 0.22
   76 E    -2  -1   2   1  -2  -1  -1   5   1  -3  -4   0  -2  -3   0  -2  -3  -1  -3  -4    4   4  10   7   1   3   4  35   4   2   2   7   1   1   5   4   2   1   1   2  0.59 0.39
   77 T     0  -3  -3  -3  -1  -3  -4  -2  -2   4  -1  -3  -1   1   0  -3   0  -1  -1   4    9   1   2   2   2   1   2   3   1  21   7   2   2   5   5   2   6   1   2  24  0.54 0.32
   78 E    -1   1   0   2   0   0   2  -2   1  -1  -2   0   0  -1  -1  -1   2   1  -1  -1    5   7   4  10   2   5  14   3   4   4   3   6   2   3   4   4  11   2   2   4  0.16 0.15
   79 I    -2  -2  -2  -3   0  -2  -3  -3   1   3   1  -3   1   4  -2  -3  -1   2   2   2    3   3   2   2   2   2   2   3   3  13  11   2   3  17   2   2   4   3   6  15  0.42 0.25
   80 I    -2   2  -1  -2   0   0   0  -3   3   1   1   0   1   0  -2  -2  -1   1   1   1    4  13   3   2   2   4   5   3   7   8  13   6   3   5   2   3   3   2   4   9  0.17 0.13
   81 F    -2   0   0  -1   0   1  -1  -2   1  -1   2  -1   2   2   0  -2   2  -1   1  -1    3   6   5   3   2   5   4   3   3   3  17   4   4   7   4   3  12   1   5   4  0.14 0.14
   82 D     0  -2   3   1  -1   0   0   4   1  -4  -5  -1  -2  -4  -4  -1   1  -2  -3  -1    8   3  11   7   1   4   6  28   4   1   2   5   1   1   1   5   7   1   1   4  0.46 0.34
   83 H    -1   2  -1   0   0   0   2  -3   1  -2  -2   1   0  -2  -2   0   2   1  -2   0    6  11   3   4   2   4  14   2   3   3   4   9   2   2   3   6  13   2   2   6  0.22 0.20
   84 I     2  -3  -2  -4  -2  -4  -1  -2  -2   1  -3  -3  -1  -3  -3  -4  -3   0  -2   6   16   2   2   2   1   1   4   4   1   8   3   2   2   2   2   2   2   1   1  42  0.86 0.50
   85 N     0   0   0  -1  -2  -1   1  -3  -1   1  -1   0  -1  -3  -4  -1   3   1  -2   2    7   5   4   3   1   3   8   2   2   8   7   5   2   1   1   5  16   2   1  16  0.22 0.19
   86 K     1   1   0   1  -2  -1   0   3   0  -2  -3   1  -1   0  -3   1   0  -2  -3  -3    9   6   4   7   1   3   7  18   2   2   4   9   1   4   1  12   6   1   1   2  0.21 0.18
   87 V     0  -2  -3  -3  -1  -3  -3  -1  -3   5   1  -2  -1  -2  -3  -4  -2  -2  -3   4    8   2   1   2   1   1   2   5   1  26  14   3   1   2   2   2   2   1   1  22  0.63 0.35
   88 D    -1   0   0   0   2   0   0  -1   2   0  -1   0   2   1   0  -1   0   4   1  -1    5   5   5   5   5   5   5   5   5   5   5   5   5   5   5   5   5   5   5   5  0.09 0.08
   89 L    -1   1   0  -1   1   0  -1  -1   1   0  -1   1   0   1   2  -1   0   2   0   0    6   8   4   4   3   4   4   5   3   6   7   7   3   6   9   4   5   3   3   6  0.06 0.05
   90 Q     0   0   0   1   0   0   1  -1   1  -1  -1   0   0  -1   0   0   1   1   0   0    9   4   4   9   2   5   9   5   3   4   6   6   2   3   4   7   8   2   3   6  0.04 0.04
   91 N     0   0   1   1   1   0   0   1   1  -1  -1   0   0  -1   0   0   0   2   0  -1    8   6   6   8   3   5   6  10   4   3   5   6   3   3   4   7   5   3   3   4  0.05 0.05
   92 R    -1   2   0   1   1   1  -1   1   2  -2  -2   2   0  -1  -1  -1  -1   2   0  -2    4  10   5   7   3   6   4  10   5   3   4  13   3   3   4   5   4   3   3   4  0.15 0.13
   93 P    -1   0  -1   0  -1   0   0   0   0   0  -1   0   0  -1   1   0   1   0  -1   1    5   6   3   4   2   4   6   9   3   5   7   5   2   3   8   5   9   1   2   9  0.04 0.03
   94 F    -2  -1  -2  -2  -1  -2  -2  -2   1   1   0  -1  -1   4  -2  -2  -1   2   1   3    4   4   3   2   1   2   3   4   3   8  10   5   2  16   2   3   3   3   4  19  0.33 0.16
   95 R    -1   1   0   0   0   0   0  -1   2   0  -1   1   0  -1  -1   0   1   1   0   0    5   7   4   5   2   5   7   4   4   5   6   8   3   3   3   6  11   2   3   7  0.05 0.05
   96 L    -1  -2  -1  -2   1  -1  -2  -2   0   2   2  -2   1   0  -1  -2  -1   2   0   3    5   3   3   3   3   3   3   3   3  10  16   3   3   4   3   3   4   3   3  20  0.22 0.15
   97 N    -1   0   0   0   2   0   0  -1   2   0  -1   0   2   1   0  -1   0   4   1  -1    5   5   5   5   5   5   5   5   5   5   5   5   5   5   5   5   5   5   5   5  0.09 0.08
   98 G     0  -1   0   0   1   0  -1   0   1   0   0  -1   0   0   0   0   2   2   0   0    6   4   4   6   3   4   4   6   3   5   8   4   3   4   4   7  12   3   3   7  0.04 0.04
   99 D    -1   0   0   0   2   0  -1  -1   2   0  -1   0   2   0   0  -1   0   3   1  -1    5   5   5   5   5   5   5   5   5   5   5   5   5   5   5   5   5   5   5   5  0.03 0.09
  100 N    -1   0   0   0   1   0   1   2   1   0  -1   0   0  -1  -1   0   0   2   0  -1    5   4   4   5   3   4   9  15   3   5   6   5   3   3   3   5   6   3   3   5  0.05 0.05
  101 G    -1   0   0   0   2   0   0  -1   2   0  -1   0   2   1   0  -1   0   4   1  -1    5   5   5   5   5   5   5   5   5   5   5   5   5   5   5   5   5   5   5   5  0.09 0.08
  102 E    -1   1  -1   0   0   1   1  -2   0   0  -1   0   1  -1  -1   0   2   1  -1   0    6   7   3   5   2   5  11   3   3   5   6   6   3   3   3   6  11   2   2   8  0.08 0.09
  103 Y    -2  -1  -1  -1   1  -1  -1  -2   3   2   1  -1   1   1  -2  -2  -1   3   3   1    4   3   3   4   3   3   5   3   6  10  12   3   3   6   3   3   3   4   9   9  0.18 0.12
  104 T    -1   0   0   0   2   0   0  -1   2   0  -1   0   2   1   0  -1   0   4   1  -1    5   5   5   5   5   5   5   5   5   5   5   5   5   5   5   5   5   5   5   5  0.09 0.08
  105 C     4  -5  -4  -4   1  -4  -5  -1   0  -5  -6  -5  -3   3   0  -1   1   0   6  -4   28   1   1   1   3   1   1   5   2   1   1   1   1  12   5   5   7   1  22   1  0.96 0.58
  106 D    -2   3  -2   6  -2  -1  -1  -3   0  -4  -5   3  -3  -4  -2  -2  -1  -1  -2  -5    4  12   2  35   1   2   5   3   2   1   1  15   1   1   3   4   4   1   1   1  0.87 0.53
  107 A     3   1   2  -2  -2  -1  -2  -2   4  -3  -5   1  -2  -2  -4   1   1   0   1  -1   22   7   8   2   1   3   3   3   9   2   1   8   1   2   1   8   8   1   5   4  0.38 0.29
  108 L    -3  -5  -3  -5   0  -9  -9  -5  -2   4   3  -9  -1  -1  -5  -5  -2  -1  -3   5    3   1   1   1   2   0   0   1   1  17  28   0   1   3   1   1   2   1   1  32  1.09 0.56
  109 I    -3  -9  -4 -10  -1  -4  -9  -5  -2   6   1  -9  -1   1  -9  -5  -4  -9  -2   5    3   0   1   0   2   1   0   1   1  35  13   0   2   6   0   1   1   0   2  30  1.36 0.66
  110 I    -2  -3  -3  -3  -1  -5  -5  -4  -2   4   3  -5   0   1   0  -3  -1   1  -1   2    3   1   2   2   1   0   0   1   1  21  29   0   2   7   4   2   3   2   2  16  0.54 0.33
  111 A     5  -3  -2  -3   3  -5  -3  -1  -6  -5  -2  -5   2  -2  -5   1   0  -6  -6  -3   55   2   2   2   6   0   2   5   0   0   3   0   4   2   0   9   5   0   0   2  1.01 0.60
  112 T    -1  -3  -2  -3   0  -2  -3  -2  -1   0   0  -2   2  -2  -1   1   5  -1  -2   0    4   1   1   1   2   1   1   2   2   4   8   2   4   1   3  11  40   1   1   7  0.58 0.42
  113 G    -1   0   0   0  -7  -7  -1   6  -7  -7  -7  -7  -7  -7   0  -1  -1   4  -7  -1    5   5   5   5   0   0   5  52   0   0   1   0   0   0   5   5   5   4   0   5  1.21 0.55
  114 A     2  -2   1  -1   1  -1  -2   0   2  -1   0  -2   0  -1   1   2  -1   2  -1  -2   14   3   7   4   3   3   3   6   4   4   8   3   3   3   8  16   3   2   3   3  0.15 0.12
  115 S     0   2   1   0   0   0   0  -2   0  -1  -2   1   1   1  -2  -1   1   1   1   0    9  10   7   5   2   4   6   3   3   3   3   8   3   6   2   5   8   2   4   7  0.09 0.08
  116 A     1  -2  -1   1  -2  -2  -1  -1   0  -4  -4  -4  -2  -3   6   0  -1   2   1   0   10   2   4   6   1   2   4   5   2   1   2   1   1   1  33   6   4   2   5   6  0.64 0.45
  117 R    -1   3   1  -1   1   0  -1  -2   1   0  -2   1   1   1  -1  -1  -1   2   0   0    6  18   6   3   2   3   4   3   3   5   4   7   3   6   4   5   4   3   3   6  0.18 0.16
  118 Y    -1   1  -1   0   1   0  -1  -1   1   0   0   0   1   1   0  -1   0   2   1   0    4   8   3   4   3   4   4   4   3   7   8   6   4   5   5   5   7   3   5   8  0.04 0.04
  119 L    -2  -2  -2  -2   0  -2  -3  -2   0   0   3  -2   2   2   4  -3  -2   1  -1  -2    4   2   2   3   2   2   2   3   2   5  22   2   5   7  23   3   2   2   2   4  0.49 0.34
  120 G    -1  -1   1   1  -1  -1  -1   2   0  -2  -2   0  -1  -1   4  -1  -1   0  -1  -2    5   4   7   7   2   3   5  16   2   3   4   5   2   2  19   4   3   2   2   3  0.29 0.22
  121 L    -1  -2  -1  -2  -1  -3  -3  -2  -1   4   1  -2   0   2  -2  -3  -2   1   0   2    5   2   4   2   2   1   2   4   2  22  14   3   2   7   2   2   3   2   3  15  0.39 0.22
  122 P    -1  -3  -2   1  -2  -2   2  -3  -1  -2  -3   1  -2  -1   6  -2  -2   0  -3  -3    6   2   2   7   1   2  11   2   1   2   4   7   1   3  38   4   3   1   1   2  0.81 0.58
  123 S    -2  -3   1   0  -2  -2  -1   6   0  -3  -4  -3  -2  -2  -1  -2  -3  -1  -3  -3    3   2   6   5   1   2   5  51   2   2   2   2   1   2   4   4   2   1   1   2  0.96 0.57
  124 E     0   0   0   0   1   0   2  -1   1   0   0  -1   1   0  -1  -1  -1   3   0   0    7   5   4   6   3   3  13   5   3   5   9   4   3   4   3   4   4   5   3   7  0.08 0.08
  125 E     0   0   0   3   1   0   2  -1   1  -1  -2   0   0  -1  -1  -1   0   2   0  -1    9   4   5  14   3   4  12   5   3   3   5   5   3   3   4   5   5   3   3   4  0.12 0.11
  126 A     0   0   0   2   0   0   3  -1   0  -1   0   0   0  -2   0  -1  -1   0  -1  -1    7   5   4   9   2   5  17   5   3   3  10   5   2   2   5   5   5   1   2   4  0.12 0.11
  127 F    -1   0   0   0   2   0   0  -1   2   0  -1   0   2   1   0  -1   0   4   1  -1    5   5   5   5   5   5   5   5   5   5   5   5   5   5   5   5   5   5   5   5  0.09 0.08
  128 K    -1   0   0   0   2   0   0  -1   2   0  -1   0   2   1   0  -1   0   4   1  -1    5   5   5   5   5   5   5   5   5   5   5   5   5   5   5   5   5   5   5   5  0.09 0.08
  129 G    -1   0   0   0   2   0   0  -1   2   0  -1   0   2   1   0  -1   0   4   1  -1    5   5   5   5   5   5   5   5   5   5   5   5   5   5   5   5   5   5   5   5  0.09 0.08
  130 R    -1   0   0   0   2   0   0  -1   2   0  -1   0   2   1   0  -1   0   4   1  -1    5   5   5   5   5   5   5   5   5   5   5   5   5   5   5   5   5   5   5   5  0.09 0.08
  131 G    -1   0   0   0   2   0   0  -1   2   0  -1   0   2   1   0  -1   0   4   1  -1    5   5   5   5   5   5   5   5   5   5   5   5   5   5   5   5   5   5   5   5  0.09 0.08
  132 V    -1   0   0   0   2   0   0  -1   2   0  -1   0   2   1   0  -1   0   4   1  -1    5   5   5   5   5   5   5   5   5   5   5   5   5   5   5   5   5   5   5   5  0.09 0.08
  133 S     0  -1   0   0   1   0   0   0   3  -1  -1   0   0   1  -1   0   0   2   1  -1    7   4   4   6   3   3   6   7   7   3   7   5   3   6   3   7   6   3   4   4  0.03 0.05
  134 A     1  -2  -1   0  -1  -1  -2  -1   1  -2  -1  -2  -1   1  -1   1   2   1   3   0   10   3   3   6   1   3   3   5   4   2   6   2   2   6   3  10  13   2  10   5  0.17 0.15
  135 C     0  -1  -2  -2   5  -2  -2  -2  -1   0   2  -3   1   1  -2  -2  -2   2   3   1    9   4   2   2  10   2   3   3   2   6  18   2   3   5   3   3   3   3   9   8  0.30 0.20
  136 A     1   2  -1   2  -1   0   1  -1   1  -1  -2   1   0  -1   1  -1  -1   2  -1  -1   11  10   3  10   1   5   8   5   3   3   3   8   2   3   7   5   4   3   2   5  0.11 0.11
  137 T    -1  -1   1   2   0   0   0  -1   1   0  -2  -2   0   0  -1   0   2   1   2   0    6   3   6  11   2   5   5   5   3   5   4   3   2   3   3   6  11   2   7   8  0.11 0.11
  138 C     1   0   0  -1   3   0  -1  -2   1   0   0  -1   1   0  -1   0  -1   2   1   0   13   6   4   3   6   4   3   4   3   6   9   4   3   3   4   7   4   3   6   5  0.07 0.07
  139 D    -1   0   1   3   1   1   1  -1   2  -1  -2   0   0  -1  -1  -1   0   2   0  -2    5   6   6  15   3   6  10   4   5   3   4   5   3   3   4   5   5   3   3   4  0.16 0.14
  140 G    -1   0   0   0   2   0   0  -1   2   0  -1   0   2   1   0  -1   0   4   1  -1    5   5   5   5   5   5   5   5   5   5   5   5   5   5   5   5   5   5   5   5  0.09 0.08
  141 F     2   1  -1  -1  -2   0  -1  -2   3   1  -1   0   1   1   1  -2  -2   1   1  -1   16   7   2   3   1   4   5   3   7   7   7   5   4   7   6   3   3   2   5   4  0.15 0.14
  142 F    -1   0  -2  -1  -1   0   1  -3  -1   2   2  -1   1   2  -1  -2  -1  -1  -1   1    5   5   2   4   2   4   9   2   1  10  21   3   4   8   4   3   4   1   2   9  0.19 0.14
  143 Y     0  -2  -1  -1   1  -1  -1  -3   0   0   2   0   1   4  -2  -2  -2   0   2   0    8   3   3   3   3   3   5   2   2   5  17   5   4  15   2   4   3   1   7   6  0.23 0.16
  144 R     1   2  -1   0  -1   0   1  -1   0  -1  -2   2  -1  -2   1  -1   0   0  -1  -2   11  12   3   5   2   5   8   4   2   3   5  11   2   2   7   5   5   1   2   4  0.13 0.13
  145 N    -1   0   1   2  -1  -1  -1   3   0  -2  -2  -1  -1  -2   2  -1  -2   0  -1  -2    6   6   6  10   2   3   5  22   3   2   4   4   2   2  10   4   3   2   2   3  0.26 0.22
  146 Q    -1   2  -1  -1  -1   2   0   0   0  -2   0   4   0  -3  -2  -2  -2   0  -2  -3    5   9   3   4   1   8   7   8   2   2   8  23   2   1   2   4   3   1   1   2  0.32 0.27
  147 K    -2   4   2   1  -1  -1  -1  -4   3  -3  -4   2  -1  -3  -1   1   2   0  -2  -3    3  17   9   7   1   3   5   2   6   2   2  12   1   1   4   9  11   1   1   2  0.41 0.32
  148 V     0  -9 -10  -6  -2  -9  -9  -4 -10   4   1  -6   0   1  -5  -5   0   1  -4   6    8   0   0   1   1   0   0   2   0  17  13   1   2   5   1   1   6   2   1  41  1.17 0.64
  149 A     3  -3  -6  -6  -1  -6  -6   2  -4   1   1  -6  -2  -3  -4  -5  -1  -3  -3   5   20   2   1   0   1   0   1  13   0   6  14   1   1   1   1   1   4   0   1  31  0.80 0.49
  150 V    -6 -11  -7  -7  -3  -6  -6  -8  -5   5   0  -7  -2  -1  -7  -6  -6  -1  -5   6    1   0   0   0   1   1   1   0   0  26   8   0   1   2   0   1   1   1   1  54  1.84 0.93
  151 I    -2  -5  -4  -5   0  -4  -5  -5  -2   5   3  -5   0   1  -5  -4  -4   1   2   4    4   1   1   1   2   1   1   1   1  24  21   1   2   5   1   2   1   2   7  22  0.84 0.47
  152 G     0  -5  -3   2  -2  -4  -5   6  -2  -5  -5  -9  -2  -4  -5  -2  -4   0  -3  -4    9   1   1  10   1   1   1  59   1   1   2   0   1   1   1   4   1   1   1   2  1.46 0.85
  153 G     1  -2   0  -1   0  -3  -1   4   1  -3  -3  -3  -2  -2  -1   1   1   0   0  -4   13   3   5   3   2   1   4  31   3   2   3   2   1   2   4   9   7   1   3   2  0.46 0.34
  154 G    -1  -2   0   1  -2  -3  -3   6   0  -4  -4  -3  -2  -2  -2   0  -1  -1   0  -4    5   2   5   6   1   2   2  47   2   2   2   2   1   2   2   8   4   1   3   2  0.85 0.51
  155 N    -1  -1   2   2  -1  -1   0  -2   2  -1  -1  -1  -1   1   1  -1  -2   1   2  -1    6   3  11  12   1   2   6   3   5   3   7   4   2   7   9   5   3   2   7   4  0.18 0.14
  156 T     0  -1  -1  -2  -1   0   0  -1   0   2   0  -2   1  -2   0   2   1   0  -1   1    6   3   2   2   1   4   6   5   3  12   7   3   3   2   4  14  10   2   2  10  0.12 0.12
  157 A     4  -3  -3  -3  -2  -2  -2   4  -2  -3  -1  -4  -1  -3  -2   0  -3  -5  -2  -3   28   2   2   2   1   2   3  32   1   2   6   2   1   2   3   6   2   0   2   2  0.74 0.44
  158 V     0  -3  -2  -3   2  -3  -3  -2  -1   2   2  -3   4   0  -2  -2   0  -1   0   2    9   2   2   2   4   1   2   4   1  10  20   2   9   4   2   4   5   1   3  15  0.34 0.19
  159 E    -3  -1  -2   3  -4   1   5  -2   4  -2  -2  -3  -1  -5  -4  -2  -4  -2  -5  -3    3   3   2  15   0   7  37   4  10   2   4   2   2   1   1   4   1   1   1   2  0.91 0.62
  160 E     2  -4  -4  -3   3   0   1  -4   0   0   1  -4   4   1  -5  -3   0   2  -1   1   14   1   1   1   6   5   9   2   3   6  15   1   8   6   1   3   6   3   2  10  0.36 0.27
  161 A     7  -6  -6  -7  -2  -4  -6  -2  -5  -2  -3  -6  -3  -5  -6  -2  -2  -4  -5   1   68   1   1   0   1   1   1   4   0   3   3   1   1   1   1   4   3   0   0   8  1.64 0.97
  162 L     1   1  -1  -1  -1  -1   1   0  -1  -1   1   0   1  -2  -3   0   0   0  -1  -1   10   8   3   3   1   3  11   8   2   4  16   6   3   2   1   6   6   1   2   4  0.09 0.10
  163 Y     1  -1  -2  -1  -2   1   2  -3   0   0   1  -2   2   3  -4  -1   1  -2   1   0   10   3   2   4   1   6  11   2   2   4  12   2   5  10   1   4   9   1   5   6  0.18 0.17
  164 L     0  -2  -1  -7   2  -1  -2  -3   0   0   3  -2   2   1  -2  -1  -1   3   2  -1    9   3   3   0   4   3   3   3   3   5  28   3   5   6   3   5   4   4   5   4  0.33 0.23
  165 S     1   2   0  -1   1   0  -1  -2   1  -1  -1   0   1  -1   0   0  -1   2   0  -1   12  13   4   3   3   5   3   3   3   4   5   6   3   3   6   8   4   3   4   5  0.11 0.12
  166 N     0   4   1   1  -1   0   1  -1   1  -2  -1   1  -1  -3  -2  -1  -1   0  -2  -3    8  18   5   8   1   5  10   6   3   2   6   7   2   1   3   6   4   1   2   2  0.22 0.19
  167 I     1   1  -1  -2  -1   1  -1  -3   1   0   2  -1   1   2  -3  -2  -2   4   1  -1   10   9   3   2   1   5   4   2   4   5  18   5   4   7   1   3   3   5   4   4  0.20 0.16
  168 A     2  -2  -1  -2   0  -3  -3   5  -1  -3  -3  -2  -1  -2  -3  -1   0   0  -1  -1   13   3   3   3   2   2   2  39   2   2   4   3   2   2   2   6   5   1   2   4  0.63 0.41
  169 S     1   1   0   0   0  -1   0  -2   1  -1  -1   2   0  -2   0   1   0  -1  -1   0   12   8   5   5   2   2   6   3   3   4   6  11   3   2   5   9   4   1   2   6  0.08 0.08
  170 E    -2   2   1   2  -2   1   2  -3   2  -4  -4   3  -2  -3  -2   1  -1  -1  -2  -4    3  10   6  12   1   7  14   3   5   1   2  14   1   1   3  10   4   1   1   2  0.39 0.30
  171 V    -3  -4  -2  -3  -1  -3  -3  -4  -1   2  -2  -4  -1  -2  -3  -3   1   0  -2   6    3   1   3   2   2   2   2   2   1  11   4   2   2   2   2   3   7   1   1  48  1.02 0.59
  172 H    -2  -1  -2  -2  -1  -2  -2  -4   3   1   0  -1   0  -2  -2   0   4   0   1   2    4   3   2   2   1   2   3   2   7   8   8   4   2   2   2   7  23   2   5  11  0.37 0.30
  173 L    -1  -3  -3  -3   1  -1  -4  -3  -1   3   3  -3   1  -1  -4  -4  -1   2   0   3    5   1   2   2   3   3   1   2   2  13  26   2   4   3   1   2   4   2   3  20  0.51 0.31
  174 I    -2  -4  -3  -4   1  -3  -4  -4  -1   3   2  -4   1   1  -8  -3  -3   0   2   4    4   1   1   1   3   1   2   2   2  16  15   2   3   6   0   3   2   1   6  28  0.68 0.40
  175 H    -1  -3  -3   0  -1  -2   3  -3   3   0   0  -4   0  -1  -2  -2   1   1   3   2    5   2   2   5   2   2  17   3   6   6   8   1   2   2   3   3   8   2  10  11  0.31 0.26
  176 R    -1   0   0   0   2   0   0  -1   2   0  -1   0   2   1   0  -1   0   4   1  -1    5   5   5   5   5   5   5   5   5   5   5   5   5   5   5   5   5   5   5   5  0.09 0.08
  177 R     1   1   0   0   1   0   0   1   1  -1  -1  -1   3  -1  -1   0   0   2   0  -2   10   6   4   5   3   4   5  12   3   3   7   4   7   3   3   6   5   2   3   3  0.08 0.09
  178 D    -1   0   0   0   2   0   0  -1   2   0  -1   0   2   1   0  -1   0   4   1  -1    5   5   5   5   5   5   5   5   5   5   5   5   5   5   5   5   5   5   5   5  0.09 0.08
  179 G     0   1   0   0   1   1   1  -1   2  -1  -2   0   1   0   1   0   0   2   0  -1    6   7   4   6   3   6   8   5   4   3   4   5   3   4   8   7   5   3   3   4  0.09 0.10
  180 F    -2  -1  -2  -3   0  -2  -2  -3   0   2   2  -3   3   2   1  -2  -2   3   0   1    4   3   2   2   2   2   3   2   2  10  21   2   6   9   9   3   2   4   3   9  0.31 0.21
  181 R     0   2  -1  -1   0  -1  -1   0  -1  -1   1  -1   3  -1   2  -1   0   0  -2  -1    7  10   3   3   2   2   3   8   2   4  15   4   6   2  12   5   5   1   2   4  0.15 0.14
  182 A    -1   0   0   0   2   0   0  -1   2   0  -1   0   2   1   0  -1   0   4   1  -1    5   5   5   5   5   5   5   5   5   5   5   5   5   5   5   5   5   5   5   5  0.09 0.08
  183 E     0   0   0   3   1   0   0   0   1  -1  -2  -1   1  -1   1   0  -1   3   0  -2    7   5   4  14   3   4   7   8   3   3   4   3   3   3   6   8   4   4   3   3  0.13 0.13
  184 K     0   1   0   0   0   1   1  -2   1  -2  -2   1   0  -1   3  -1  -1   1  -1  -2    8   7   4   6   2   5  10   4   3   3   4  10   2   3  13   5   4   2   2   3  0.16 0.16
  185 I     0   0  -1   1  -1   0   2  -2   1   0  -1   0   1   0  -1  -1   0   0   1   0    8   5   2   7   2   4  13   3   3   6   6   5   4   5   3   5   5   2   5   6  0.07 0.08
  186 L    -1  -1   0  -1   0   0   1  -2   0   0   1  -2   3   0  -1  -1   0   3   0   0    6   4   4   4   2   4   9   3   3   6  15   3   7   4   3   4   5   4   3   7  0.11 0.09
  187 I     1   2  -2  -2   0   2  -1  -1   0   0  -1   0   0  -1   0   0   0   1  -1   1   10  12   2   3   2   9   3   6   2   5   6   4   2   2   4   8   6   2   2  10  0.10 0.11
  188 K    -1   0   0   0   2   0   0  -1   2   0  -1   0   2   1   0  -1   0   4   1  -1    5   5   5   5   5   5   5   5   5   5   5   5   5   5   5   5   5   5   5   5  0.09 0.08
  189 R     0   1   0  -1   1   0   0  -1   2   0   0   0   1   0   0   0   0   2   1   0    6   9   4   4   3   5   7   4   5   5   8   7   3   4   5   5   5   3   4   5  0.05 0.05
  190 L     2  -4  -4  -4  -1  -4  -4  -4  -2   2   3  -4   3   1  -4  -3  -2   1   1   3   16   1   1   1   1   1   1   2   1  10  25   1   5   5   1   3   3   2   4  15  0.53 0.32
  191 M     0   1  -2  -2  -1   2   2  -3   3  -1   1   1   2   0  -3  -2   0  -1  -1   0    7   8   2   2   1   7  12   2   6   3  12   8   5   4   1   3   5   1   2   6  0.18 0.16
  192 D     1   2   0   1  -2   1   2  -2   0  -3  -2   3  -1  -2  -3  -1   0   2  -2  -2   11  11   4   7   1   6  12   4   2   2   4  14   2   2   2   5   5   3   1   3  0.23 0.21
  193 K     1   1   0   0  -1   0   1  -2   2  -1  -1   0   0   0  -2  -1  -1   5   1  -1   12   9   4   5   1   5   8   3   4   3   6   6   3   3   2   5   3   7   5   4  0.17 0.15
  194 V    -1  -2  -1  -2   0  -2  -3  -2   1   0   4  -2   3   1  -2  -2  -2   1   0   0    5   2   4   2   2   2   2   3   4   6  33   2   6   6   2   4   2   2   3   6  0.38 0.24
  195 E     0   1  -1   0   0   1   2  -1   1  -1  -2   1   0  -1  -1  -1   0   1   0  -1    9   9   3   5   2   5  11   5   3   3   5  10   3   3   3   5   6   2   3   5  0.09 0.08
  196 N     0   2   0   1   0   0   2  -1   1  -2  -2   2   0  -1  -2  -1  -1   1  -1  -2    9   9   4   8   2   5  12   5   3   3   4  11   3   3   3   5   3   2   3   3  0.11 0.12
  197 G    -1   0   0   0   2   0  -1  -1   2   0  -1   0   2   0   0  -1   0   3   1  -1    5   5   5   5   5   5   5   5   5   5   5   5   5   5   5   5   5   5   5   5  0.03 0.09
  198 N     0  -1   0   0   1   0  -1   3   1  -2  -2   0   1   0  -1  -1  -2   2   0  -1    7   4   5   6   3   4   4  23   3   3   4   6   3   5   4   4   3   2   4   4  0.16 0.16
  199 I    -1   0   0   0   2   0   0  -1   2   0  -1   0   2   1   0  -1   0   4   1  -1    5   5   5   5   5   5   5   5   5   5   5   5   5   5   5   5   5   5   5   5  0.09 0.08
  200 I    -1   0   0   0   2   0   0  -1   2   0  -1   0   2   1   0  -1   0   4   1  -1    5   5   5   5   5   5   5   5   5   5   5   5   5   5   5   5   5   5   5   5  0.09 0.08
  201 L    -2   0  -2  -2   1  -1  -2  -2   0   2   1  -2   1   3  -1  -2  -1   2   1   2    3   5   3   3   3   3   3   3   3  12  11   3   4  11   3   3   4   3   4  15  0.24 0.16
  202 H    -1   0   0   0   2   0   0  -1   2   0  -1   0   2   1   0  -1   0   4   1  -1    5   5   5   5   5   5   5   5   5   5   5   5   5   5   5   5   5   5   5   5  0.09 0.08
  203 T    -2  -2  -1  -2   1  -2  -1  -3   0  -1   2  -1   1   2   0  -2   3   4   1  -1    3   3   3   3   2   2   5   3   3   3  17   4   3   8   5   3  15   6   5   5  0.27 0.20
  204 N    -1  -1   2   0   1   0   0   2   1  -2  -1  -1   0  -1   1   0  -1   2   0  -2    4   4  10   6   3   4   6  17   3   3   5   4   3   3   6   7   4   3   3   3  0.15 0.15
  205 R    -1   0   0   0   2   0   0  -1   2   0  -1   0   2   1   0  -1   0   4   1  -1    5   5   5   5   5   5   5   5   5   5   5   5   5   5   5   5   5   5   5   5  0.09 0.08
  206 T     0   1   0   0   1   1   0   0   1  -1  -1   0   1  -1   0   0   0   2   0   0    7   7   5   4   3   6   6   7   3   4   5   7   3   3   5   6   7   3   3   6  0.04 0.04
  207 L    -1   0   0   0   2   0   0  -1   2   0  -1   0   2   1   0  -1   0   4   1  -1    5   5   5   5   5   5   5   5   5   5   5   5   5   5   5   5   5   5   5   5  0.09 0.08
  208 E     0   0   0   0   0   1   0  -1   0   0   0   0   0  -1  -1   0   1   1   0   0    6   5   3   4   3   6   6   4   3   5  12   7   3   3   3   6   8   2   3   8  0.02 0.03
  209 E     0   2  -1  -1   0   0   3   0   0  -2  -3   1  -1  -1  -1   1  -1   1  -1  -2    9  12   3   4   2   4  15   6   3   3   3   7   2   3   4   9   4   2   2   3  0.17 0.18
  210 V    -1   0   0   0   2   0   0  -1   2   0  -1   0   2   1   0  -1   0   4   1  -1    5   5   5   5   5   5   5   5   5   5   5   5   5   5   5   5   5   5   5   5  0.09 0.08
  211 T    -1   0   0   0   2   0   0  -1   2   0  -1   0   2   1   0  -1   0   4   1  -1    5   5   5   5   5   5   5   5   5   5   5   5   5   5   5   5   5   5   5   5  0.09 0.08
  212 G     0   0  -1   0   1   0   0   3   1  -1  -2   0   0  -1   0  -1  -1   2   0  -1    8   6   4   5   3   4   6  20   3   3   4   6   3   3   5   4   4   3   3   4  0.13 0.11
  213 D    -1   0   0   0   2   0   0  -1   2   0  -1   0   2   1   0  -1   0   4   1  -1    5   5   5   5   5   5   5   5   5   5   5   5   5   5   5   5   5   5   5   5  0.09 0.08
  214 Q     0   0   0   1   1   0   1   0   1  -1  -1   0   1   0   0   0   0   2   0  -1    6   4   5   9   3   4   8   9   3   4   6   5   3   4   5   6   5   3   3   4  0.04 0.04
  215 M    -1   0   0   1   0   0   0   2   1  -1  -1   0   0  -1   0   0   0   1   0  -1    5   5   5   8   2   4   7  15   3   3   5   6   2   3   4   7   5   2   3   4  0.07 0.05
  216 G     0   2   0  -1   0   0   0   1   1  -1  -1   1   0  -1  -1  -1   0   1  -1   0    7  11   4   4   2   4   6  11   3   4   5  10   2   2   3   5   5   2   2   8  0.07 0.06
  217 V     0  -1  -2  -1   1  -1  -1  -1  -1   1   1  -1   0  -1  -2  -1  -1   0  -1   4    6   4   2   3   2   3   4   5   2   7  15   4   2   3   3   4   3   1   2  24  0.23 0.14
  218 T    -1   0   0   0   2   0   0  -1   2   0  -1   0   2   1   0  -1   0   4   1  -1    5   5   5   5   5   5   5   5   5   5   5   5   5   5   5   5   5   5   5   5  0.09 0.08
  219 G    -1   0   0   0   2   0   0  -1   2   0  -1   0   2   1   0  -1   0   4   1  -1    5   5   5   5   5   5   5   5   5   5   5   5   5   5   5   5   5   5   5   5  0.09 0.08
  220 V    -1  -1  -1  -2   1  -1  -1  -2   1   2   1  -1   2   0  -2  -2  -1   2   0   3    6   3   3   3   3   3   4   3   3   9  12   3   4   4   3   3   4   2   3  22  0.22 0.15
  221 R    -1   0   0   0   2   0   0  -1   2   0  -1   0   2   1   0  -1   0   4   1  -1    5   5   5   5   5   5   5   5   5   5   5   5   5   5   5   5   5   5   5   5  0.09 0.08
  222 L    -1   0   0   0   2   0   0  -1   2   0  -1   0   2   1   0  -1   0   4   1  -1    5   5   5   5   5   5   5   5   5   5   5   5   5   5   5   5   5   5   5   5  0.09 0.08
  223 R    -1   0   0   0   2   0   0  -1   2   0  -1   0   2   1   0  -1   0   4   1  -1    5   5   5   5   5   5   5   5   5   5   5   5   5   5   5   5   5   5   5   5  0.09 0.08
  224 D    -1   1   2   2  -1   0   0   1   0  -2  -2   1  -1  -1   1  -1   0  -1   0  -1    5   6   8  12   1   4   6  10   3   3   5   8   1   2   6   5   6   1   3   5  0.11 0.08
  225 T     0   1   0   0   0   0   0  -1   0   0   0   0   3  -1   0  -1   0  -1  -1   1    6   8   4   5   2   4   5   6   2   4   8   5   8   3   4   5   7   1   2  11  0.05 0.04
  226 Q     0   0   0   1  -1   0   1  -1   0   0  -1   1   0   0   0   0   0   0   0   0    8   5   3   7   1   4  10   5   2   5   7   8   2   5   5   5   7   1   3   7  0.03 0.02
  227 N     0  -1   0   2  -1   0   1   0  -1  -1  -2   0  -1  -2  -1   0   2  -1  -1  -1    6   3   5  11   1   4  10   7   2   4   4   6   1   2   4   8  14   1   2   5  0.13 0.11
  228 S     0   0   0   0   0   0   0   0   0   0   0   0   0   0   1   0   0   0   0   0    7   5   5   6   2   4   7   7   2   5   8   6   2   4   7   7   6   1   3   6  0.03 0.00
  229 D    -1   0   0   1  -1  -1   0   4   0  -2  -3  -1  -1  -2  -2  -1  -1   1  -2  -2    6   5   4   7   1   3   7  33   2   2   4   4   1   2   3   5   4   2   2   3  0.40 0.23
  230 N     0  -1   0   1  -1   0   2   1   0  -1  -2   0  -1  -1  -1   1   1   0  -1  -1    6   4   5   8   1   4  16   9   2   3   4   6   2   2   3  10   8   1   2   4  0.12 0.12
  231 I    -1   0   0   0   0   0   3   1   0  -1  -2   0   0  -1  -1  -1   1   0  -1  -1    5   5   4   6   2   4  16  11   2   4   5   6   2   2   4   5   8   1   2   5  0.11 0.10
  232 E    -1   1  -1  -1   0   1   2  -1   2  -1  -2   1   0   1  -1   0   1   1   0   0    4   8   3   4   2   5  12   4   4   4   4   7   2   5   3   8   9   2   3   6  0.09 0.10
  233 S    -1   0  -1   0   1   0   1  -2   1   0  -1   0   1   0   0   0   1   2   0   0    5   6   3   5   3   4  11   3   4   6   6   4   3   4   5   6   9   3   3   7  0.06 0.07
  234 L    -1   0   0   0   2   0   0  -1   2   0  -1   0   2   1   0  -1   0   4   1  -1    5   5   5   5   5   5   5   5   5   5   5   5   5   5   5   5   5   5   5   5  0.09 0.08
  235 D     0  -1   0   2   0   0   3  -2   1  -2  -3   0   0  -2   3  -1   0   1  -1  -2    8   4   4  11   2   4  16   4   3   2   3   6   2   2  13   5   6   2   2   3  0.25 0.25
  236 V     3  -2  -2  -3   3  -2  -3   0  -1  -1  -2  -3  -1   1  -2   0   1   1   0   1   25   2   2   2   6   2   2   6   2   4   3   2   2   5   2   8   8   2   4  11  0.32 0.25
  237 A    -1   0   0   0   2   0   0  -1   2   0  -1   0   2   1   0  -1   0   4   1  -1    5   5   5   5   5   5   5   5   5   5   5   5   5   5   5   5   5   5   5   5  0.09 0.08
  238 G     0  -1  -2  -3   2  -1  -3   1   0   0   1  -2   2   2  -2  -2   1   1   2   0    8   3   2   2   4   3   2  10   2   4  15   3   4  10   2   3   7   2   7   7  0.17 0.13
  239 L    -1  -4  -4  -4   1  -4  -5  -4  -2   3   2  -4   0  -1  -4  -3  -2   0  -2   5    6   1   1   1   2   1   1   2   1  13  17   2   2   3   1   2   3   1   2  37  0.83 0.47
  240 F    -3  -4  -4  -7  -1  -3  -4  -4  -1   4   2  -4  -1   5  -3  -4  -3   0  -1   3    3   1   1   0   1   1   2   2   1  17  18   1   2  21   2   2   2   1   2  18  0.82 0.43
  241 V     0  -3  -2  -2   0  -2  -3  -4   0   2   1  -3   1   0  -1  -2  -2   6  -1   3    7   2   2   3   2   2   2   2   3  12  11   2   3   5   4   4   3  11   2  20  0.50 0.31
  242 A     5  -3  -1  -4   4  -2  -4   0  -1  -4  -2  -3   0   1  -4   1   0  -1  -1  -3   37   2   3   1   8   2   2   7   2   1   4   2   2   5   1  10   6   1   2   2  0.64 0.45
  243 I     1  -2  -3  -4  -2  -3  -4  -1   1   3  -1  -3   0   0   2  -2   2   0   0   2   12   2   1   1   1   2   1   5   3  17   6   2   3   5   9   3  12   1   4  12  0.35 0.26
  244 G    -4  -2  -3  -3  -3  -3  -4   7  -1  -5  -6  -3  -3  -4  -1  -3  -4  -2  -4  -5    2   2   1   2   1   1   2  71   1   1   1   2   1   1   3   2   1   1   1   1  1.76 0.96
  245 H    -1   2  -1  -4  -2   0  -4  -3   1   1   1  -2   1   3  -2  -1   0   1   1   2    5  12   3   1   1   5   1   2   3   7  11   2   3  12   2   5   6   2   4  13  0.27 0.20
  246 S    -1   3  -2  -1  -2   1   0  -3   1   1  -2   2  -1  -3  -3   0   1  -2  -2   2    6  16   2   4   1   5   7   2   3   7   5  10   1   1   2   6   8   1   1  12  0.24 0.20
  247 P     2  -2  -4  -5  -3   0  -5  -1  -2  -3  -3  -5  -2  -3   7  -1  -2  -3  -3  -1   13   2   1   1   1   4   1   5   1   2   3   1   1   1  47   5   2   1   1   5  1.17 0.78
  248 N    -1   0   0   0   2   0  -1  -1   2   0  -1   0   2   0   0  -1   0   3   1  -1    5   5   5   5   5   5   5   5   5   5   5   5   5   5   5   5   5   5   5   5  0.03 0.09
  249 T    -1   0   0   0   2   0   0  -1   2   0  -1   0   2   1   0  -1   0   4   1  -1    5   5   5   5   5   5   5   5   5   5   5   5   5   5   5   5   5   5   5   5  0.09 0.08
  250 A     0   0   0   1   0   0   1   0   1  -1  -1   0   1   0   0   0   0   2   0  -1    7   4   4   8   3   5  10   8   3   4   6   5   3   4   5   8   5   3   3   4  0.05 0.05
  251 I    -2  -2  -1  -1   0  -2  -2  -1   0   1   3  -2   1   2   0  -2  -2   5   0   0    4   2   3   3   2   2   3   6   3   7  24   3   4   7   5   3   3   7   3   7  0.26 0.18
  252 F     1  -1  -2  -2  -1  -2  -2  -1  -1   1   3  -1   0   1  -2  -2  -1   2   0   0   13   3   2   2   1   2   3   4   2   8  25   4   2   6   2   3   3   3   3   7  0.22 0.16
  253 E     0   1   1   1  -1   1   1   1   0  -2  -1   1  -1  -1  -1   0  -1   0  -2  -2    8   7   6   8   1   6  11  11   3   2   6   9   2   2   3   6   4   1   2   3  0.11 0.10
  254 G     1  -1   1   2  -1   1   1   2   0  -2  -2   1  -1  -2  -1   0   0  -1  -2  -2   10   4   5  11   1   7  10  13   2   2   4   7   1   2   4   7   5   1   1   3  0.15 0.15
  255 Q    -1   0   0   0   2   0   0  -1   2   0  -1   0   2   1   0  -1   0   4   1  -1    5   5   5   5   5   5   5   5   5   5   5   5   5   5   5   5   5   5   5   5  0.09 0.08
  256 L    -1   0   0   0   2   0  -1  -1   2   0  -1   0   2   0   0  -1   0   3   1  -1    5   5   5   5   5   5   5   5   5   5   5   5   5   5   5   5   5   5   5   5  0.03 0.09
  257 E    -1   0   0   0   2   0  -1  -1   2   0  -1   0   2   0   0  -1   0   3   1  -1    5   5   5   5   5   5   5   5   5   5   5   5   5   5   5   5   5   5   5   5  0.03 0.09
  258 L    -1   0  -1  -1   2  -1  -1  -2   0   0   1  -1   1   0  -1  -1   1   2   0   1    5   4   3   4   4   3   3   3   3   6  14   4   4   5   4   4   8   3   3   8  0.02 0.06
  259 E    -1   0   0   0   2   0  -1  -1   2   0  -1   0   2   0   0  -1   0   3   1  -1    5   5   5   5   5   5   5   5   5   5   5   5   5   5   5   5   5   5   5   5  0.03 0.09
  260 N    -1   1   2   1   1   0  -1   1   1  -1  -2   0   1  -1  -1   0   0   3   0  -2    5   9  10   7   3   4   4   9   3   3   4   5   3   3   3   6   5   3   3   3  0.06 0.11
  261 G    -1   0   0   0   2   0  -1  -1   2   0  -1   0   2   0   0  -1   0   3   1  -1    5   5   5   5   5   5   5   5   5   5   5   5   5   5   5   5   5   5   5   5  0.03 0.09
  262 Y    -1   0   0   0   2   0  -1  -1   2   0  -1   0   2   0   0  -1   0   3   1  -1    5   5   5   5   5   5   5   5   5   5   5   5   5   5   5   5   5   5   5   5  0.03 0.09
  263 I    -1   0   0   0   2   0   0  -1   2   0  -1   0   2   1   0  -1   0   4   1  -1    5   5   5   5   5   5   5   5   5   5   5   5   5   5   5   5   5   5   5   5  0.09 0.08
  264 K    -1   0   0   0   2   0   0  -1   2   0  -1   0   2   1   0  -1   0   4   1  -1    5   5   5   5   5   5   5   5   5   5   5   5   5   5   5   5   5   5   5   5  0.09 0.08
  265 V     0  -1  -1  -2   1  -1  -2  -2   1   0  -2  -2   0  -1  -1  -2   2   2  -1   4    7   3   3   3   3   3   3   3   3   6   4   3   3   3   4   3  11   2   3  27  0.33 0.24
  266 Q    -1   0   0   0   2   0   0  -1   2   0  -1   0   2   1   0  -1   0   4   1  -1    5   5   5   5   5   5   5   5   5   5   5   5   5   5   5   5   5   5   5   5  0.09 0.08
  267 S    -1   0   0   0   2   0   0  -1   2   0  -1   0   2   1   0  -1   0   4   1  -1    5   5   5   5   5   5   5   5   5   5   5   5   5   5   5   5   5   5   5   5  0.09 0.08
  268 G    -1   0   0   0   2   0   0  -1   2   0  -1   0   2   1   0  -1   0   4   1  -1    5   5   5   5   5   5   5   5   5   5   5   5   5   5   5   5   5   5   5   5  0.09 0.08
  269 I     0  -1   0   0   0   2  -1   0   0   0   1  -1   0  -1   0   0  -1   0  -1   0    8   4   4   5   2  11   4   7   2   4  16   4   2   3   4   6   4   1   2   7  0.06 0.05
  270 H     0   0   0   0   0   0   0   0   0  -1   0   0   0   0   1   0   0   0   0   0    7   5   4   5   2   5   6   7   3   4   8   5   4   4   8   7   6   2   3   6  0.03 0.01
  271 G     0   0  -1   0   1   0   0   0   1  -1   0  -1   0  -1   3  -1   0  -2  -1   0    7   5   3   5   3   4   6   7   3   4   8   4   2   3  15   5   5   1   3   7  0.09 0.05
  272 N     0   0   0   0   0   0   0   0   0   0   0   0   0   1   0   0   0   1   1   0    7   4   5   5   2   5   5   6   3   4  10   4   3   7   4   7   5   2   7   6  0.01 0.01
  273 A    -1   1   0   0   1   1   0  -1   1   0  -1   0   1   0   0   0   1   2   0  -1    6   7   5   5   3   5   5   6   4   4   6   5   4   5   5   6   9   3   4   5  0.04 0.03
  274 T    -1   0   0   0   2   0   0  -1   2   0  -1   0   2   1   0  -1   0   4   1  -1    5   5   5   5   5   5   5   5   5   5   5   5   5   5   5   5   5   5   5   5  0.09 0.08
  275 Q    -1   0   0   0   2   0   0  -1   2   0  -1   0   2   1   0  -1   0   4   1  -1    5   5   5   5   5   5   5   5   5   5   5   5   5   5   5   5   5   5   5   5  0.09 0.08
  276 T    -1   0   0   0   2   0   0  -1   2   0  -1   0   2   1   0  -1   0   4   1  -1    5   5   5   5   5   5   5   5   5   5   5   5   5   5   5   5   5   5   5   5  0.09 0.08
  277 S    -1   0   0   0   2   0   0  -1   2   0  -1   0   2   1   0  -1   0   4   1  -1    5   5   5   5   5   5   5   5   5   5   5   5   5   5   5   5   5   5   5   5  0.09 0.08
  278 I    -1   0   0   0   2   0   0  -1   2   0  -1   0   2   1   0  -1   0   4   1  -1    5   5   5   5   5   5   5   5   5   5   5   5   5   5   5   5   5   5   5   5  0.09 0.08
  279 P    -1   0   0   0   2   0  -1  -1   2   0  -1   0   2   0   0  -1   0   3   1  -1    5   5   5   5   5   5   5   5   5   5   5   5   5   5   5   5   5   5   5   5  0.03 0.09
  280 G    -1   0   0   0   2   0  -1  -1   2   0  -1   0   2   0   0  -1   0   3   1  -1    5   5   5   5   5   5   5   5   5   5   5   5   5   5   5   5   5   5   5   5  0.03 0.09
  281 V    -1   0   0   0   2   0  -1  -1   2   0  -1   0   2   0   0  -1   0   3   1  -1    5   5   5   5   5   5   5   5   5   5   5   5   5   5   5   5   5   5   5   5  0.03 0.09
  282 F    -1   0   0   0   2   0  -1  -1   2   0  -1   0   2   0   0  -1   0   3   1  -1    5   5   5   5   5   5   5   5   5   5   5   5   5   5   5   5   5   5   5   5  0.03 0.09
  283 A     2   0   0  -2   2  -1  -2  -2   0   0   0  -2   1   1  -1  -2  -1   2   0   1   17   6   4   2   4   3   3   3   2   5   8   3   3   6   3   3   4   2   4  11  0.08 0.12
  284 A     2  -1  -3  -2   1  -3  -3  -2  -1   4  -1  -3   0  -2  -3  -3  -2   1  -1   2   17   3   2   3   3   2   2   3   2  24   6   2   2   2   2   2   3   2   2  15  0.45 0.33
  285 G    -4  -1  -2  -3  -1  -2  -4   7  -8  -9  -4  -3  -9  -3  -3  -2  -4   1  -9  -4    2   4   2   2   1   2   2  64   0   0   3   2   0   2   2   4   2   2   0   2  1.50 0.91
  286 D    -4   0   0   7   0  -2  -1  -3  -2  -1  -5  -5  -1  -3  -2  -1  -2   0  -2  -3    2   6   3  56   2   2   4   2   1   3   1   0   1   1   2   4   3   1   2   2  1.26 0.77
  287 V    -1   0   0   0   2   0   0  -1   2   0  -1   0   2   1   0  -1   0   4   1  -1    5   5   5   5   5   5   5   5   5   5   5   5   5   5   5   5   5   5   5   5  0.09 0.08
  288 M     2   1  -1  -2   2  -1  -2  -1   0   0  -1  -1   1  -1  -1   0   0   2  -1   1   17   7   4   3   4   3   3   5   3   5   5   4   3   3   3   5   7   2   3  11  0.11 0.11
  289 D    -1   0   0   0   2   0  -1  -1   2   0  -1   0   2   0   0  -1   0   3   1  -1    5   5   5   5   5   5   5   5   5   5   5   5   5   5   5   5   5   5   5   5  0.03 0.09
  290 H    -1   0  -1  -1   0  -1  -2   2   1   0  -2   1   1   0  -1  -1  -1   2   0   1    6   5   2   3   2   3   2  18   4   6   4   8   3   4   4   4   4   2   3   9  0.10 0.10
  291 I     0   1   0   0  -1   1   0   1   1  -1  -2   0   0  -1   2  -1  -1   0   0  -1    7   7   4   5   1   6   5  12   3   3   5   7   2   3  11   5   5   1   3   5  0.09 0.08
  292 Y     0  -1  -1  -1  -1   0  -1  -1   2  -1   0  -2   0   0   2   0  -1   1   4   0    7   3   4   4   1   4   4   6   4   4   9   2   3   4  10   7   3   2  13   6  0.17 0.15
  293 R     0   3  -1   0  -2   1   0  -1   1  -4  -3   2   3  -3   1   0  -1   0  -2  -3    9  16   2   5   1   5   6   4   3   1   4  12   7   1   8   8   3   1   2   2  0.29 0.26
  294 Q    -3   0  -1  -3  -2   5   0  -3  -2  -2   3  -3   2  -2  -4   0   0   0  -3  -4    3   5   4   2   1  20   5   2   1   2  27   2   4   2   1   7   7   1   1   2  0.54 0.41
  295 A     4  -3  -4  -6   2  -5  -6   0  -4   3  -2  -5  -2  -1  -5  -3   0  -1  -2   3   28   2   1   1   4   1   1   7   1  17   4   1   1   3   1   2   6   1   1  20  0.75 0.48
  296 I     1  -2  -3  -2  -1   0  -1  -2   4   2  -1  -2   1  -3   0  -2   1  -2  -1   3   11   3   1   3   2   4   4   3   9  12   5   3   3   1   5   4   7   1   2  17  0.26 0.20
  297 T     1  -1   1  -1  -1  -1   0  -1   1   0  -1   0   0  -2  -2  -1   2   3  -1   1   11   4   6   4   1   3   5   4   4   5   5   6   3   2   2   5  14   4   2  11  0.13 0.13
  298 S     6  -4  -5  -3  -1  -5  -4   0  -5  -4  -3  -4  -4  -4  -4   0  -4  -7  -5  -2   65   1   1   2   1   1   2   6   0   1   3   1   0   1   1   6   2   0   1   4  1.47 0.84
  299 A     2  -2  -1  -3  -2  -3  -1  -2  -1   3  -2  -3   3   1  -4  -1   0  -3  -3   3   17   3   3   1   1   1   4   3   1  16   4   2   6   5   1   5   5   0   1  17  0.38 0.25
  300 G     2   2  -1  -2  -3   0  -1   3   3  -3  -3   0  -1  -1  -2  -1  -2   2   1  -3   17   9   3   2   1   4   4  18   6   2   3   6   1   3   3   5   2   2   5   2  0.28 0.23
  301 T    -1   0   0   0   2   0  -1  -1   2   0  -1   0   2   0   0  -1   0   3   1  -1    5   5   5   5   5   5   5   5   5   5   5   5   5   5   5   5   5   5   5   5  0.03 0.09
  302 G     3  -4  -5  -4  -4  -5  -5   6  -4  -6  -5  -6  -4  -6  -6  -3  -5  -3  -8  -5   20   1   1   1   0   1   1  62   0   1   2   1   0   0   1   3   1   0   0   1  1.75 0.96
  303 C     2   4  -2  -3   3  -1  -2  -3   1  -1  -3   1   0   0  -1   0  -1   0   1  -1   14  19   2   2   5   3   3   2   4   4   3   8   2   4   3   6   4   2   5   5  0.28 0.24
  304 M    -1   0   0   0   2   0  -1  -1   2   0  -1   0   2   0   0  -1   0   3   1  -1    5   5   5   5   5   5   5   5   5   5   5   5   5   5   5   5   5   5   5   5  0.03 0.09
  305 A     4  -2  -2  -2   2  -1  -2  -2   0  -1  -1  -2   1  -1  -2  -2  -1   2  -1   1   32   3   2   3   4   2   3   3   2   4   6   3   3   3   3   3   4   2   3   9  0.34 0.32
  306 A     5  -2  -2  -2   1  -2  -3   1  -1  -1  -3  -2  -1  -2  -3  -2  -3   1  -2   1   37   2   2   3   3   2   2  12   2   3   3   2   2   2   2   4   2   2   2   8  0.49 0.44
  307 L    -1   0   0   0   2   0  -1  -1   2   0  -1   0   2   0   0  -1   0   3   1  -1    5   5   5   5   5   5   5   5   5   5   5   5   5   5   5   5   5   5   5   5  0.03 0.09
  308 D     1  -1   2   0   1   0   0   0   2  -1  -2  -1   1   0  -2   1  -1   2   0  -1   12   3  10   5   3   4   5   6   5   3   5   4   3   4   3  11   4   3   3   4  0.11 0.12
  309 A     3  -4  -5  -5   0  -4  -4  -5  -3   5   1  -4   1  -1  -5  -3  -4   0  -3   3   20   1   1   1   2   1   1   1   1  28  14   1   3   2   1   3   1   1   1  15  0.81 0.50
  310 E     1  -2   0   2  -1  -1   2  -1   4  -1   0   0   0   0  -3  -1  -1   0   1  -1   12   2   5   9   1   3  11   4  10   3   9   5   2   4   1   4   5   1   4   5  0.16 0.17
  311 R     1   3   0   0  -1   1   1   0   1  -3  -2   2   0  -3  -2  -1  -1  -1  -2  -3   11  14   5   5   2   7   9   7   3   1   5  11   2   1   3   5   3   1   2   2  0.21 0.20
  312 Y    -1   1  -3   2  -1   0  -1  -4   1  -3  -2  -2  -2   2  -3  -1  -3   3   6  -3    5   7   1   9   2   4   5   2   3   2   5   3   1   8   2   6   2   4  27   2  0.71 0.44
  313 L    -1   0   0   0   2   0   0  -1   2   0  -1   0   2   1   0  -1   0   4   1  -1    5   5   5   5   5   5   5   5   5   5   5   5   5   5   5   5   5   5   5   5  0.09 0.08
  314 D     0   0   0   0   0   1   1   0   1   0  -1   0   1   0   0  -1  -1   1   0  -1    7   6   5   6   3   6   8   9   4   5   5   6   4   4   4   4   4   2   3   4  0.02 0.04
  315 G     0   1   1  -1   0   0   0   2   0  -1  -2   1   0  -1  -2   0  -1   1  -1  -2    6   9   6   4   2   4   7  16   2   4   4   7   2   3   2   7   4   2   2   3  0.08 0.12
  316 L    -2   0   1  -2  -2   2   1  -3   3   1   2   0   1   1  -3  -2  -1  -3  -1  -1    3   4   8   0   1  11  11   1   9   8  22   6   3   5   0   2   3   0   1   3  0.20 0.19

                      K         Lambda
PSI Ungapped         0.0876     0.3173
PSI Gapped           0.0268     0.2670
