
Last position-specific scoring matrix computed, weighted observed percentages rounded down, information per position, and relative weight of gapless real matches to pseudocounts
            A   R   N   D   C   Q   E   G   H   I   L   K   M   F   P   S   T   W   Y   V   A   R   N   D   C   Q   E   G   H   I   L   K   M   F   P   S   T   W   Y   V
    1 A     0  -5  -2  -2  -1  -3  -2  -4   0  -3   0  -3   9  -4   3  -1  -2  -6  -3  -3    8   0   2   2   1   1   3   1   2   1   7   2  45   0  17   4   2   0   1   1  1.23 0.69
    2 C    -1  -4  -3  -2   2  -3  -4  -4  -4  -5  -6  -2   0  -7   3   5   4  -4  -5  -5    5   1   1   3   4   1   1   1   0   1   1   3   2   0  14  36  26   0   0   0  1.01 0.70
    3 P    -1   1   0   2  -4   3   2  -1  -1  -5  -4   1   0  -4   3  -1  -1  -7  -2  -5    6   7   4  10   0  14  14   5   2   1   2   8   3   1  13   5   3   0   2   1  0.40 0.36
    4 L    -3  -3  -6  -4  -4  -4  -4  -7  -4   1   5  -7   3  -1  -5  -1  -2  -3  -3   1    3   2   0   1   0   1   1   1   1   7  54   0   6   2   1   5   3   1   1   9  1.11 0.62
    5 D    -2  -1  -2   1  -5   1   5  -5  -2  -4  -1   0  -2  -3   0  -1  -2   6  -3  -3    5   3   2   6   0   7  34   1   1   1   6   5   1   1   6   4   3   9   1   3  0.72 0.54
    6 Q     0   0   0   2  -3   1   4  -3   0  -4  -3   2   0  -3  -2   0  -1  -3  -3  -2    7   6   5  11   1   7  24   3   2   1   4  10   2   1   2   7   4   0   1   3  0.38 0.34
    7 A     1   2   0  -1  -1   3   2  -3   2  -3  -2   0  -1  -1  -3   1   0  -2  -1  -3   10   9   4   4   2  12  15   2   4   1   4   6   2   3   2  10   5   1   3   2  0.26 0.26
    8 I    -3   0  -2   0  -3  -1   2  -4  -2   3   1   1   3  -1  -3  -2  -2   1  -3   0    3   5   2   5   1   3  14   2   1  16  14   9   5   3   2   3   2   2   1   7  0.32 0.24
    9 G     1   1   0   2  -2   2   3  -2  -1  -2  -2   1   0  -3  -1   0  -1  -2  -3  -2   10   6   5  10   1   8  18   3   2   2   4   9   2   1   3   7   4   1   1   3  0.23 0.23
   10 L    -1   2   0   1  -2   1   3  -1   1  -3  -2   2  -1  -1  -2  -1   0   0  -1  -2    5  11   4   8   1   7  16   5   3   2   4  13   2   3   2   4   5   1   2   4  0.24 0.23
   11 L    -2  -4  -4  -4  -1  -4  -4  -5  -3   3   4  -5   2   2  -4  -4  -4   4   1   1    4   1   1   1   2   1   2   1   1  14  36   1   4   7   1   2   1   6   5   8  0.76 0.46
   12 V    -2   3  -2  -2   0   2   0  -2   1   0  -1   3   1  -2  -4  -1  -2   3  -1  -1    4  16   2   3   2   7   7   4   3   5   7  16   3   2   1   4   3   3   3   5  0.28 0.23
   13 A     0   1   0   1  -1   1   3  -2   0  -1  -1   2  -1   0  -3   0  -1   1  -2  -2    7   8   5   8   1   6  16   4   2   3   6  11   2   3   2   6   4   2   2   4  0.17 0.17
   14 I     2  -1  -2  -2   1  -1  -2  -3   0   2   1  -2   2   0  -3  -2  -1   2  -1   1   17   4   2   2   2   3   3   3   2  11  14   3   5   4   1   4   4   3   2  10  0.21 0.16
   15 F    -5  -4  -4  -5   0  -4  -5  -5  -2  -3  -2  -5  -1   9  -4  -5  -5   2   1  -3    1   1   1   1   2   1   1   1   1   2   4   1   2  66   1   2   1   2   4   3  2.20 1.10
   16 H    -1   3   1   1  -1   2   1  -2   2  -2  -2   2   0  -2  -2   0  -1  -1  -2  -2    6  13   6   7   1   7   8   4   5   2   4  13   3   2   2   7   3   1   2   3  0.23 0.20
   17 K     0   1   0  -1   1   1   1  -2   1   0   0   1   2   0  -1   0  -1   2   0  -1    7   6   5   4   3   6   8   4   4   5   8  10   5   4   3   6   4   3   3   4  0.06 0.06
   18 Y    -1  -1  -1  -2   2  -1  -2  -3   1   1   0  -2   2   5  -2  -2  -2   2   3   0    5   3   3   3   4   3   3   3   3   7  10   3   5  18   3   3   3   3  10   6  0.36 0.23
   19 S    -1  -5  -3   8  -2  -5  -3  -5  -5  -6  -8  -5  -2  -7  -2   0  -3 -12  -5  -6    6   1   2  68   1   1   2   1   0   1   1   1   1   0   3   7   2   0   1   1  2.03 1.14
   20 G     0   1  -1   0  -3   0   0  -1  -1   0  -1   3  -1  -2   0   0   1  -3  -3   0    7   9   3   5   1   5   6   5   2   5   7  15   2   2   4   6  10   0   1   7  0.13 0.14
   21 R     0   0   0   0   0   0   0   0   0  -1   0   0   0  -1   1   0   0   0   0   0    7   7   5   7   2   4   6   7   2   5   8   8   2   3   6   7   5   1   3   6  0.03 0.00
   22 E    -3  -2   4   6  -3  -2   1  -2  -2  -4  -4  -1  -2  -5  -3  -1  -2  -4  -4  -3    3   3  18  39   1   2   8   3   1   1   2   4   1   1   2   5   3   0   1   2  1.03 0.61
   23 G    -3   1   2  -1   0   0  -1   5   2  -5  -5   2  -3  -6  -2  -1  -5  -4  -4  -5    3   8  10   4   2   4   4  33   4   1   2  12   1   1   3   5   1   0   1   1  0.68 0.46
   24 D     0   0   1   2   0   0   0   0   0  -1  -1   0   0  -1   0   0   0   0   0  -1    6   5   6  11   2   4   6   7   3   4   7   7   2   3   5   7   5   1   3   5  0.04 0.01
   25 K    -3  -1   3   5  -1  -2  -2  -3  -1  -4  -5   1  -4  -4  -3   3   1  -4  -3  -4    2   4  13  28   1   2   3   3   1   1   1   8   0   1   2  19   7   0   1   1  0.76 0.52
   26 H    -3  -3  -1  -1  -3  -3  -3   7  -1  -6  -6  -3  -3  -6  -5  -4  -5  -4  -4  -6    2   2   4   4   1   1   2  70   2   1   1   2   1   1   1   2   1   0   1   1  1.79 1.00
   27 T    -1   1  -2  -4   0   0  -2  -3   1  -2  -1   2  -1   3  -4   0   2  -2   3   0    4   6   2   1   2   4   3   2   3   2   7  12   2  10   1   7  13   1  10   8  0.27 0.23
   28 L    -6  -8  -8  -6  -5  -8  -8  -7  -5   7   4  -8   0  -4  -7  -6  -7  -4  -6   2    1   0   0   1   0   0   0   1   0  46  31   0   3   1   0   1   0   0   0  12  1.76 0.90
   29 S    -4  -2   1   4  -1  -3   0  -2  -1  -7  -6  -3  -4  -6  -2   4   4 -10  -5  -6    2   2   6  20   1   2   7   3   1   0   1   2   1   0   2  28  20   0   1   1  0.89 0.66
   30 K     0   2  -2  -3  -2  -1  -1  -3   0   0   0   2   0   2  -1  -1  -1  -1   1   0   10  11   2   1   1   3   5   2   2   6  10  13   2   8   4   4   4   1   5   7  0.14 0.13
   31 K     0   0   1   3  -3   1   4  -1   1  -4  -4   1  -2  -4  -2   1  -1  -3  -2  -3    8   5   6  14   1   6  21   4   3   1   2   8   1   1   2   8   4   0   1   2  0.39 0.34
   32 E    -5  -5  -2   4  -5   0   7  -3  -2  -7  -8  -4  -4  -5  -6  -3  -4 -11  -5  -6    1   1   2  18   0   4  59   2   1   1   1   1   1   1   1   3   1   0   1   1  1.77 1.07
   33 L    -4  -7  -7  -6  -2  -6  -7  -7  -4   1   5  -7   3   5  -7  -6  -5  -1  -1   0    2   0   0   1   1   0   0   1   1   7  47   0   6  21   0   1   1   1   2   7  1.40 0.76
   34 K    -1   3  -3  -3  -1   2   0  -1   0  -1  -1   4   0  -1  -4  -2  -2  -2  -1  -1    5  16   2   2   1   9   6   6   2   4   7  20   2   3   1   4   3   1   2   5  0.33 0.27
   35 E     1   2   1   2  -2   2   1  -2   1  -3  -2   2  -1  -3  -4   0   0  -3  -3  -2   10   9   6   9   1   9  10   3   3   2   5  10   2   1   1   7   6   1   1   3  0.20 0.20
   36 L     3  -5  -4  -6   1  -5  -4   0  -3   2   2  -5   3   1  -5  -3  -2   2  -2   2   23   1   1   1   3   1   1   7   1   9  15   1   7   6   1   2   2   3   2  15  0.54 0.36
   37 I    -2  -3  -5  -5   0  -5  -7  -4  -4   2   5  -6   5   2  -5  -4  -4  -2  -1   0    4   2   1   1   2   1   1   2   1  11  43   1  11   7   1   2   2   1   2   7  0.97 0.56
   38 Q     0   3   0  -1  -1   2   1  -2   2  -1  -2   2   0  -3  -4   0   0  -3  -3  -2    7  15   5   3   1   7   8   4   4   3   5  13   2   2   1   7   6   1   1   3  0.24 0.22
   39 K     0   1   1   0  -1   0   0  -1   0  -1  -1   1   1  -1   0   0   0  -1   0  -1    9   9   6   5   2   5   5   5   2   3   6  10   3   3   6   8   5   1   3   5  0.06 0.04
   40 E     1   0   0   0   0   1   2  -1   0   0   0   0   1  -1  -2   1   0  -1  -1  -1   10   4   5   4   2   5  11   5   2   5   8   7   4   2   2  11   6   1   2   5  0.06 0.07
   41 L    -1  -3  -2  -3   0  -1  -3  -4   0   1   4  -3   3   3  -3  -2  -1  -1   0   0    6   2   2   2   2   3   2   2   3   7  33   2   6  11   2   4   3   1   3   7  0.49 0.30
   42 T    -2   0   1  -1  -1  -1  -2   5   0  -4  -4  -1  -2  -5   1   0  -2  -3  -2  -4    4   5   5   4   2   3   3  42   3   1   2   5   1   1   7   6   3   1   1   2  0.71 0.49
   43 I    -1   0   0   0  -1   1   1  -1   1   0   0   0   0   1  -1   0  -1  -1   1  -1    5   4   5   6   1   6  10   5   4   7   9   5   3   6   3   6   4   1   5   5  0.03 0.04
   44 G    -1   1   2   1  -1   0   0  -1   2  -2  -2   1  -1   1   1   0  -1   1   1  -2    5   6  10   7   1   4   6   6   4   2   5   7   2   6   7   7   4   2   4   4  0.09 0.10
   45 S    -1  -2  -2  -2  -1  -1  -1  -2  -1   1   3  -2   3   1  -1  -1  -1   0  -1   1    5   2   2   3   1   2   5   3   2   9  25   3   6   5   4   4   4   1   2   9  0.22 0.13
   46 K     0   0   1   1  -1   0   0  -1  -1  -2  -2   1  -1  -2   1   2   1  -2  -1  -2    6   4   6   7   1   4   6   6   2   3   5   8   1   2   7  17   9   1   2   3  0.14 0.10
   47 L     0  -1   0   1  -1   1   0  -1  -1  -1  -1   0   0  -1   3   0   0   0  -1  -1    7   4   5   7   1   5   7   5   2   4   7   5   2   2  15   6   6   1   2   5  0.11 0.07
   48 Q    -1   0   0   0  -1   0   0  -1  -1   0  -1   1   0   0   2   1   2  -2  -1  -1    6   5   4   6   1   4   5   4   2   5   7   8   2   5   8  10  11   1   2   5  0.07 0.06
   49 D    -1   0   2   3  -4   0   3  -2  -1  -3  -2   0  -2  -4   1   0   0  -3  -3  -3    5   4   8  17   0   5  18   4   1   2   5   6   1   1   6   7   5   0   1   2  0.35 0.31
   50 A     1   0  -1   2  -3   2   4  -2   0  -3  -3   1  -1  -4  -2   0  -1   0  -2  -3   10   5   3  12   1   8  21   4   2   2   4   7   2   1   3   8   3   1   2   2  0.32 0.30
   51 E    -1   0  -2   2  -4   1   4  -5  -1   0  -1   0   0   0  -5  -3   0  -2   1   0    5   5   2   9   0   7  26   1   2   5   7   5   2   4   1   2   5   1   4   6  0.39 0.33
   52 I     1  -5  -5  -5   2  -4  -5  -6  -4   3   3  -6   1   0  -6  -3  -2   3  -2   4   10   1   1   1   4   1   1   1   1  16  23   1   3   4   0   2   3   3   2  23  0.75 0.45
   53 A    -1   2   1   3  -4   3   3  -3   1  -4  -2   2  -2  -4  -4  -1  -2  -3  -2  -4    5  10   6  17   0  10  15   2   4   1   4  10   1   1   1   4   3   0   1   2  0.45 0.37
   54 R     0   2  -1   1  -2   1   3  -3   0  -1  -1   3   0  -3  -5  -1  -1  -2  -3  -2    8  10   3   9   1   6  17   2   2   3   7  14   2   1   1   5   4   1   1   3  0.29 0.26
   55 L    -2  -3  -5  -7  -2  -4  -5  -6  -2   4   3  -5   6   1  -6  -5  -2   0  -2   1    4   2   1   0   1   1   1   1   1  20  27   1  16   6   1   1   3   1   2  10  0.94 0.54
   56 M    -3  -4  -5  -7  -2  -3  -5  -4  -2   4   2  -5   5   5  -6  -5  -3   3  -1   1    3   1   1   0   1   1   1   2   1  18  19   1  12  21   0   1   2   3   2   9  0.96 0.54
   57 E     0   2   1   1  -2   2   1  -1   1  -3  -2   3   0  -3  -4   1  -1  -1  -3  -3    8  11   7   7   1   8   9   5   3   1   4  14   2   1   1  10   4   1   1   2  0.27 0.25
   58 D     1   2  -1   1  -2   0   3  -2   0  -1  -1   1   1  -2  -4   0  -1  -2  -1  -2   10  10   3   7   1   5  18   3   2   3   7   9   4   2   1   6   4   1   2   3  0.22 0.21
   59 L     2  -3  -4  -6   1  -4  -4  -3   1   1   1  -4   2   4  -3  -3  -3  -1   4   1   15   2   1   1   3   1   1   2   3   7  15   1   5  14   2   3   2   1  11  11  0.52 0.34
   60 D    -3  -4  -1   8  -2  -4  -1  -1  -3  -3  -5  -2  -4  -4  -3  -2  -2  -8  -4  -4    3   1   3  61   1   1   5   5   1   2   2   2   1   1   2   4   3   0   1   2  1.62 0.89
   61 R     0   1  -1   0  -1   0   0  -1  -1   0  -1   2  -1  -2   1   0   1  -1  -1   0    9   8   3   4   1   4   5   5   1   5   6  11   2   2   7   8   9   1   2   7  0.07 0.08
   62 N    -3  -2   5   6  -1  -2   0  -2   0  -4  -4  -1  -2  -5  -2  -1  -1  -4  -4  -4    2   3  20  34   1   2   6   4   2   1   2   4   1   1   3   6   4   0   1   2  0.91 0.60
   63 K    -2   1   2   0  -2   1   0   4   1  -4  -4   2  -2  -3  -1   0  -2  -3  -3  -3    4   8   9   5   1   5   5  26   4   1   2  11   1   2   3   6   2   0   1   2  0.42 0.32
   64 D    -3  -1   3   6  -4  -2   0  -2  -1  -6  -6   0  -4  -5  -2   1   0  -4  -1  -4    3   3  11  37   1   2   6   4   2   1   1   5   1   1   3  11   6   0   2   2  0.85 0.59
   65 Q    -3  -1   0   0  -3  -1  -1   6  -2  -6  -4  -1  -1  -6  -3  -2  -4  -4  -5  -6    2   4   5   5   1   3   5  56   1   1   3   5   2   0   2   4   2   0   1   1  1.18 0.74
   66 E    -1   2  -1  -3  -1   1   0   0   0  -3  -2   3   1   0  -3  -1   1  -2   1  -1    5  11   3   2   1   6   7   7   2   2   5  16   3   4   1   5   9   1   5   5  0.20 0.19
   67 V    -6  -7  -7  -6  -4  -7  -8  -8  -5   7   2  -8   2  -1  -7  -7  -6  -4  -4   4    1   0   0   1   0   0   0   0   0  44  20   0   5   2   0   1   1   0   1  21  1.64 0.85
   68 N    -4  -3   3   5  -2  -2  -1  -2  -1  -6  -6  -2  -4  -5  -4   3   3  -4  -4  -5    2   2  12  26   1   2   5   4   1   1   1   2   1   1   1  20  14   0   1   1  0.85 0.62
   69 F    -5  -1  -4  -6  -2  -3  -2  -7  -3  -1   1  -2  -1   7  -4  -6  -4   4   5  -3    1   4   1   1   1   2   3   1   1   3  13   3   2  40   1   1   1   5  14   3  1.35 0.76
   70 Q    -2  -1   1   4  -4   1   4  -2  -1  -4  -5   0  -2  -4  -1   0  -1  -4  -4  -4    4   4   6  23   0   5  25   3   2   1   1   6   1   1   4   6   4   0   1   1  0.65 0.50
   71 E    -3  -2  -1   3  -5   0   7  -3  -2  -6  -6  -2  -2  -6  -5  -2  -2  -4  -6  -5    3   3   3  15   0   4  53   2   1   1   1   3   1   1   1   4   3   0   0   1  1.39 0.90
   72 Y    -7  -7  -7  -6  -4  -6  -8  -9  -5  -3   0  -7  -1   9  -8  -7  -7   3   3  -3    1   0   0   1   1   1   0   0   0   2   8   0   2  69   0   1   1   3   7   2  2.58 1.30
   73 V    -1   0  -4  -4   3  -1  -2  -4  -1   2   2   1   2   0  -4  -2  -1  -1  -2   3    4   6   1   1   6   3   4   1   1  12  19   7   4   3   1   4   4   1   2  16  0.34 0.23
   74 T     1   2   1   1   0   1   1  -2   1  -2  -2   1  -1  -3  -1   0   1  -1  -2  -2   12   9   6   6   2   7   9   3   3   3   4  10   2   1   4   7   8   1   2   3  0.15 0.17
   75 F     1  -3  -4  -5   3  -3  -3  -1  -1   2   2  -4   4   2  -5  -2  -2   0   1   1   12   2   1   1   5   1   2   5   2  10  19   1  10   8   1   3   2   1   5   8  0.44 0.29
   76 L    -1  -5  -5  -7   4  -5  -6  -6  -2   1   3  -5   6   3  -5  -3  -1   3   1   2    6   1   1   0   7   1   1   1   1   8  21   1  16  10   1   2   4   3   4  12  0.82 0.49
   77 G     0   1  -1  -1  -1   1   0   0   0   0   0   1   0   0  -3   0   0  -2   0   0    9   7   3   3   1   5   5   7   2   5   9   9   3   3   1   8   7   1   3   8  0.04 0.05
   78 A     0   2   0   0  -2   1   1   0   2  -2  -1   1  -1  -1  -2   0  -1  -3   1  -1    7  12   4   6   1   5   8   8   4   2   6  10   2   3   3   8   4   0   4   4  0.11 0.12
   79 L    -1   0  -2  -3  -1  -1  -2  -2   1   2   3   0   1   0  -2  -2  -1   2  -2   1    5   4   2   2   1   3   3   4   4  10  25   6   4   4   2   3   4   3   2  10  0.24 0.17
   80 A     0  -1   0  -1  -1   0   1  -1   1   0   1   0   2  -2  -2   0   1  -3   0  -1    8   4   4   3   1   4   9   4   3   6  14   7   6   2   3   8   8   0   3   5  0.07 0.09
   81 L    -1   1   1  -1  -2   1   0  -1  -1  -2  -1   3   1  -4   0   1   0  -3  -2  -1    6   7   7   4   1   7   7   4   2   3   7  16   3   1   4   8   6   0   2   4  0.16 0.17
   82 I     1   0  -1   0  -2   1   2  -2   1   0  -1   0   3  -3  -2  -1  -1   1  -2   0   13   4   4   6   1   7  15   4   3   5   6   7   8   1   2   4   3   2   1   5  0.19 0.18
   83 Y     0  -2  -6  -4   7  -1  -4  -4  -2  -1   2  -2   2  -1  -4  -1  -1  -3   3  -2    9   3   0   2  21   4   2   2   1   4  18   3   4   3   1   6   4   0  10   4  0.72 0.44
   84 N    -3   3   3  -3  -2   0  -1  -3   6  -4  -3   1  -4  -2  -5   0  -1   5   3  -4    3  13  13   2   1   4   4   2  14   1   3   9   0   2   1   7   5   7   8   1  0.64 0.44
   85 E     0   1   0   2  -1   0   2  -2   1  -2   0   3  -4  -4  -3   0  -2  -3  -3  -4    7   8   5   9   1   4  15   4   4   2  10  16   0   1   2   7   3   0   1   1  0.29 0.25
   86 A     0  -2  -2  -1  -1   1  -1  -2   1   2   0   0  -1   2  -2   0   0  -2   1   1    9   1   2   4   1   7   3   3   3  10   7   7   1  10   2   8   6   0   5  10  0.10 0.13
   87 L    -6  -4  -6  -7  -3  -9  -7  -6  -3   1   1  -6   2   8  -8  -1  -3  -4   2  -3    1   1   0   0   1   0   0   1   1   6  13   1   5  54   0   5   2   0   5   2  1.72 0.88
   88 K    -3  -2  -1  -5  -4   4  -1  -4   8  -3  -2   2  -1  -4  -7  -3  -4  -4  -2   1    2   2   3   0   0  19   4   2  31   1   4  13   1   1   0   1   1   0   1  11  1.12 0.67
   89 G    -2   3  -1   2  -5   0   2   4   1  -3  -3   0  -3  -3  -3  -1  -3   0  -3  -4    0  16   2  11   0   3  16  36   3   1   2   5   0   1   0   1   0   1   0   0  0.53 0.26

                      K         Lambda
PSI Ungapped         0.1497     0.3173
PSI Gapped           0.0458     0.2670
