
Last position-specific scoring matrix computed, weighted observed percentages rounded down, information per position, and relative weight of gapless real matches to pseudocounts
           A  R  N  D  C  Q  E  G  H  I  L  K  M  F  P  S  T  W  Y  V   A   R   N   D   C   Q   E   G   H   I   L   K   M   F   P   S   T   W   Y   V
    1 N   -2  1  1  1  1  1  1 -1  1 -1 -3  3  0 -1  0  0  0  3  0 -2    3   6   6   7   3   6   7   5   3   4   3  15   3   3   5   6   5   3   3   4  0.15 0.14
    2 K   -1  0  0  0  3  0  0 -1  2  0 -1  0  2  1  0 -1  0  4  1 -1    5   5   5   5   5   5   5   5   5   5   5   5   5   5   5   5   5   5   5   5  0.09 0.08
    3 E   -1  0  0  0  3  0  0 -1  2  0 -1  0  2  1  0 -1  0  4  1 -1    5   5   5   5   5   5   5   5   5   5   5   5   5   5   5   5   5   5   5   5  0.09 0.08
    4 M   -1  0  0  0  3  0  0 -1  2  0 -1  0  2  1  0 -1  0  4  1 -1    5   5   5   5   5   5   5   5   5   5   5   5   5   5   5   5   5   5   5   5  0.09 0.08
    5 R   -1  0  0  0  2  0 -1 -1  2  0 -1  0  2  1  0 -1  0  4  1 -1    5   5   5   5   5   5   5   5   5   5   5   5   5   5   5   5   5   5   5   5  0.03 0.09
    6 I   -1  0  0  0  2  0 -1 -1  2  0 -1  0  2  1  0 -1  0  4  1 -1    5   5   5   5   5   5   5   5   5   5   5   5   5   5   5   5   5   5   5   5  0.03 0.09
    7 L    0 -1 -1 -2  2 -1 -2 -2  1  1  1 -2  2  0 -2 -1  0  3  0  2    8   3   3   3   4   3   3   4   3   7  12   3   4   4   3   5   5   4   3  15  0.07 0.09
    8 M   -1  0  0  0  2  0 -1 -1  2  0 -1  0  2  1  0 -1  0  4  1 -1    5   5   5   5   5   5   5   5   5   5   5   5   5   5   5   5   5   5   5   5  0.03 0.09
    9 L   -1  0  0  0  2  0 -1 -1  2  0 -1  0  2  1  0 -1  0  4  1 -1    5   5   5   5   5   5   5   5   5   5   5   5   5   5   5   5   5   5   5   5  0.03 0.09
   10 G   -1  0  0  0  2  0 -1 -1  2  0 -1  0  2  1  0 -1  0  4  1 -1    5   5   5   5   5   5   5   5   5   5   5   5   5   5   5   5   5   5   5   5  0.03 0.09
   11 L   -1  0  0  0  2  0 -1 -1  2  0 -1  0  2  1  0 -1  0  4  1 -1    5   5   5   5   5   5   5   5   5   5   5   5   5   5   5   5   5   5   5   5  0.03 0.09
   12 D   -1  0  0  0  2  0 -1 -1  2  0 -1  0  2  1  0 -1  0  4  1 -1    5   5   5   5   5   5   5   5   5   5   5   5   5   5   5   5   5   5   5   5  0.03 0.09
   13 A   -1  0  0  0  2  0 -1 -1  2  0 -1  0  2  1  0 -1  0  4  1 -1    5   5   5   5   5   5   5   5   5   5   5   5   5   5   5   5   5   5   5   5  0.03 0.09
   14 A   -1  0  0  0  2  0 -1 -1  2  0 -1  0  2  1  0 -1  0  4  1 -1    5   5   5   5   5   5   5   5   5   5   5   5   5   5   5   5   5   5   5   5  0.03 0.09
   15 G   -1  0  0  0  2  0 -1 -1  2  0 -1  0  2  1  0 -1  0  4  1 -1    5   5   5   5   5   5   5   5   5   5   5   5   5   5   5   5   5   5   5   5  0.03 0.09
   16 K   -1  0  0  0  2  0 -1 -1  2  0 -1  0  2  1  0 -1  0  4  1 -1    5   5   5   5   5   5   5   5   5   5   5   5   5   5   5   5   5   5   5   5  0.03 0.09
   17 T   -1  0  0  0  2  0 -1 -1  2  0 -1  0  2  1  0 -1  0  4  1 -1    5   5   5   5   5   5   5   5   5   5   5   5   5   5   5   5   5   5   5   5  0.03 0.09
   18 T   -1  0  0  0  2  0 -1 -1  2  0 -1  0  2  1  0 -1  0  4  1 -1    5   5   5   5   5   5   5   5   5   5   5   5   5   5   5   5   5   5   5   5  0.03 0.09
   19 I   -1  0  0  0  2  0 -1 -1  2  0 -1  0  2  1  0 -1  0  4  1 -1    5   5   5   5   5   5   5   5   5   5   5   5   5   5   5   5   5   5   5   5  0.03 0.09
   20 L   -1  0  0  0  2  0 -1 -1  2  0 -1  0  2  1  0 -1  0  4  1 -1    5   5   5   5   5   5   5   5   5   5   5   5   5   5   5   5   5   5   5   5  0.03 0.09
   21 Y   -1  0  0  0  2  0 -1 -1  2  0 -1  0  2  1  0 -1  0  4  1 -1    5   5   5   5   5   5   5   5   5   5   5   5   5   5   5   5   5   5   5   5  0.03 0.09
   22 K   -1  0  0  0  2  0 -1 -1  2  0 -1  0  2  1  0 -1  0  4  1 -1    5   5   5   5   5   5   5   5   5   5   5   5   5   5   5   5   5   5   5   5  0.03 0.09
   23 L   -1  0  0  0  2  0 -1 -1  2  0 -1  0  2  1  0 -1  0  4  1 -1    5   5   5   5   5   5   5   5   5   5   5   5   5   5   5   5   5   5   5   5  0.03 0.09
   24 K   -1  0  0  0  2  0 -1 -1  2  0 -1  0  2  1  0 -1  0  4  1 -1    5   5   5   5   5   5   5   5   5   5   5   5   5   5   5   5   5   5   5   5  0.03 0.09
   25 L   -1  0  0  0  2  0 -1 -1  2  0 -1  0  2  1  0 -1  0  4  1 -1    5   5   5   5   5   5   5   5   5   5   5   5   5   5   5   5   5   5   5   5  0.03 0.09
   26 G   -1  0  0  0  2  0 -1 -1  2  0 -1  0  2  1  0 -1  0  4  1 -1    5   5   5   5   5   5   5   5   5   5   5   5   5   5   5   5   5   5   5   5  0.03 0.09
   27 Q   -1  0  0  0  2  0 -1 -1  2  0 -1  0  2  1  0 -1  0  4  1 -1    5   5   5   5   5   5   5   5   5   5   5   5   5   5   5   5   5   5   5   5  0.03 0.09
   28 S   -1  0  0  0  2  0 -1 -1  2  0 -1  0  2  1  0 -1  0  4  1 -1    5   5   5   5   5   5   5   5   5   5   5   5   5   5   5   5   5   5   5   5  0.03 0.09
   29 V   -1  0  0  0  2  0 -1 -1  2  0 -1  0  2  1  0 -1  0  4  1 -1    5   5   5   5   5   5   5   5   5   5   5   5   5   5   5   5   5   5   5   5  0.03 0.09
   30 T   -1  0  0  0  2  0 -1 -1  2  0 -1  0  2  1  0 -1  0  4  1 -1    5   5   5   5   5   5   5   5   5   5   5   5   5   5   5   5   5   5   5   5  0.03 0.09
   31 T   -2 -1  0  0  1 -1 -1 -3  1  0 -1 -2  1  0  0 -1  1  3  4  1    4   3   5   5   3   3   4   3   4   5   7   3   3   3   5   5   7   3  12   8  0.10 0.14
   32 I   -1  0  0  0  2  0 -1 -1  2  0 -1  0  2  1  0 -1  0  4  1 -1    5   5   5   5   5   5   5   5   5   5   5   5   5   5   5   5   5   5   5   5  0.03 0.09
   33 P   -1  0  0  0  2  0 -1 -1  2  0 -1  0  2  1  0 -1  0  4  1 -1    5   5   5   5   5   5   5   5   5   5   5   5   5   5   5   5   5   5   5   5  0.03 0.09
   34 T   -1  0  0  0  2  0 -1 -1  2  0 -1  0  2  1  0 -1  0  4  1 -1    5   5   5   5   5   5   5   5   5   5   5   5   5   5   5   5   5   5   5   5  0.03 0.09
   35 V   -1  0  0  0  2  0 -1 -1  2  0 -1  0  2  1  0 -1  0  4  1 -1    5   5   5   5   5   5   5   5   5   5   5   5   5   5   5   5   5   5   5   5  0.03 0.09
   36 G   -1  0  0  0  2  0 -1 -1  2  0 -1  0  2  1  0 -1  0  4  1 -1    5   5   5   5   5   5   5   5   5   5   5   5   5   5   5   5   5   5   5   5  0.03 0.09
   37 F   -1  0  0  0  2  0 -1 -1  2  0 -1  0  2  1  0 -1  0  4  1 -1    5   5   5   5   5   5   5   5   5   5   5   5   5   5   5   5   5   5   5   5  0.03 0.09
   38 N   -1  0  0  0  2  0 -1 -1  2  0 -1  0  2  1  0 -1  0  4  1 -1    5   5   5   5   5   5   5   5   5   5   5   5   5   5   5   5   5   5   5   5  0.03 0.09
   39 V   -1  0  0  0  2  0 -1 -1  2  0 -1  0  2  1  0 -1  0  4  1 -1    5   5   5   5   5   5   5   5   5   5   5   5   5   5   5   5   5   5   5   5  0.03 0.09
   40 E   -1  0  0  0  2  0 -1 -1  2  0 -1  0  2  1  0 -1  0  4  1 -1    5   5   5   5   5   5   5   5   5   5   5   5   5   5   5   5   5   5   5   5  0.03 0.09
   41 T   -1  0  0  0  3  0  0 -1  2  0 -1  0  2  1  0 -1  0  4  1 -1    5   5   5   5   5   5   5   5   5   5   5   5   5   5   5   5   5   5   5   5  0.09 0.08
   42 V   -1 -1 -1 -2  2 -1 -2 -3  1  3  1 -1  2  1 -2 -2 -1  3  1  3    5   3   3   3   3   3   3   3   3  13  11   5   4   6   3   3   4   3   4  16  0.18 0.13
   43 T   -1  0  0  0  2  0 -1 -1  2  0 -1  0  2  1  0 -1  0  4  1 -1    5   5   5   5   5   5   5   5   5   5   5   5   5   5   5   5   5   5   5   5  0.03 0.09
   44 Y   -1  0  0  0  2  0 -1 -1  2  0 -1  0  2  1  0 -1  0  4  1 -1    5   5   5   5   5   5   5   5   5   5   5   5   5   5   5   5   5   5   5   5  0.03 0.09
   45 K   -1  0  0  1  1  1  1  0  1 -1 -2  2  0 -1  0 -1 -1  2  0 -1    4   6   5   8   3   6   8   7   3   3   4  11   3   3   4   5   5   2   3   4  0.03 0.08
   46 N   -1  0  0  0  2  0 -1 -1  2  0 -1  0  2  1  0 -1  0  4  1 -1    5   5   5   5   5   5   5   5   5   5   5   5   5   5   5   5   5   5   5   5  0.03 0.09
   47 V   -1  0  0  0  2  0 -1 -1  2  0 -1  0  2  1  0 -1  0  4  1 -1    5   5   5   5   5   5   5   5   5   5   5   5   5   5   5   5   5   5   5   5  0.03 0.09
   48 K   -1  0  0  0  2  0 -1 -1  2  0 -1  0  2  1  0 -1  0  4  1 -1    5   5   5   5   5   5   5   5   5   5   5   5   5   5   5   5   5   5   5   5  0.03 0.09
   49 F   -1  0  0  0  3  0  0 -1  2  0 -1  0  2  1  0 -1  0  4  1 -1    5   5   5   5   5   5   5   5   5   5   5   5   5   5   5   5   5   5   5   5  0.09 0.08
   50 N   -1  0  0  0  3  0  0 -1  2  0 -1  0  2  1  0 -1  0  4  1 -1    5   5   5   5   5   5   5   5   5   5   5   5   5   5   5   5   5   5   5   5  0.09 0.08
   51 V   -1  0  0  0  3  0  0 -1  2  0 -1  0  2  1  0 -1  0  4  1 -1    5   5   5   5   5   5   5   5   5   5   5   5   5   5   5   5   5   5   5   5  0.09 0.08
   52 W   -1  0  0  0  3  0  0 -1  2  0 -1  0  2  1  0 -1  0  4  1 -1    5   5   5   5   5   5   5   5   5   5   5   5   5   5   5   5   5   5   5   5  0.09 0.08
   53 D   -1  0  0  0  3  0  0 -1  2  0 -1  0  2  1  0 -1  0  4  1 -1    5   5   5   5   5   5   5   5   5   5   5   5   5   5   5   5   5   5   5   5  0.09 0.08
   54 V   -1  0  0  0  3  0  0 -1  2  0 -1  0  2  1  0 -1  0  4  1 -1    5   5   5   5   5   5   5   5   5   5   5   5   5   5   5   5   5   5   5   5  0.09 0.08
   55 G   -1  0  0  0  2  0 -1 -1  2  0 -1  0  2  1  0 -1  0  4  1 -1    5   5   5   5   5   5   5   5   5   5   5   5   5   5   5   5   5   5   5   5  0.03 0.09
   56 G   -1  0  0  0  2  0 -1 -1  2  0 -1  0  2  1  0 -1  0  4  1 -1    5   5   5   5   5   5   5   5   5   5   5   5   5   5   5   5   5   5   5   5  0.03 0.09
   57 Q   -1  0  0  0  3  0  0 -1  2  0 -1  0  2  1  0 -1  0  4  1 -1    5   5   5   5   5   5   5   5   5   5   5   5   5   5   5   5   5   5   5   5  0.09 0.08
   58 D   -1  0  0  0  2  0 -1 -1  2  0 -1  0  2  1  0 -1  0  4  1 -1    5   5   5   5   5   5   5   5   5   5   5   5   5   5   5   5   5   5   5   5  0.03 0.09
   59 K   -1  0  0  0  3  0  0 -1  2  0 -1  0  2  1  0 -1  0  4  1 -1    5   5   5   5   5   5   5   5   5   5   5   5   5   5   5   5   5   5   5   5  0.09 0.08
   60 I   -1  0  0  0  3  0  0 -1  2  0 -1  0  2  1  0 -1  0  4  1 -1    5   5   5   5   5   5   5   5   5   5   5   5   5   5   5   5   5   5   5   5  0.09 0.08
   61 R   -1  0  0  0  2  0 -1 -1  2  0 -1  0  2  1  0 -1  0  4  1 -1    5   5   5   5   5   5   5   5   5   5   5   5   5   5   5   5   5   5   5   5  0.03 0.09
   62 P   -1  0  0  0  3  0  0 -1  2  0 -1  0  2  1  0 -1  0  4  1 -1    5   5   5   5   5   5   5   5   5   5   5   5   5   5   5   5   5   5   5   5  0.09 0.08
   63 L   -1  0  0  0  3  0  0 -1  2  0 -1  0  2  1  0 -1  0  4  1 -1    5   5   5   5   5   5   5   5   5   5   5   5   5   5   5   5   5   5   5   5  0.09 0.08
   64 W   -1  0  0  0  3  0  0 -1  2  0 -1  0  2  1  0 -1  0  4  1 -1    5   5   5   5   5   5   5   5   5   5   5   5   5   5   5   5   5   5   5   5  0.09 0.08
   65 R   -1  0  0  0  2  0 -1 -1  2  0 -1  0  2  1  0 -1  0  4  1 -1    5   5   5   5   5   5   5   5   5   5   5   5   5   5   5   5   5   5   5   5  0.03 0.09
   66 H   -1  0  0  0  3  0  0 -1  2  0 -1  0  2  1  0 -1  0  4  1 -1    5   5   5   5   5   5   5   5   5   5   5   5   5   5   5   5   5   5   5   5  0.09 0.08
   67 Y   -1  0  0  0  3  0  0 -1  2  0 -1  0  2  1  0 -1  0  4  1 -1    5   5   5   5   5   5   5   5   5   5   5   5   5   5   5   5   5   5   5   5  0.09 0.08
   68 Y    0 -3 -3 -3  1 -2 -3 -4 -1  3  2 -3  2  1 -3 -2 -2  1  4  0    9   2   2   2   3   2   2   2   2  14  18   2   4   6   2   4   3   2  11   6  0.31 0.24
   69 T    0  3  0  0  0  1  1 -2  2 -1 -1  1  0 -2 -1  0 -1  1  0 -2    6  14   4   5   2   6   8   4   4   3   6   8   2   2   4   6   4   2   3   3  0.08 0.12
   70 G   -1  0  0  0  2  0 -1 -1  2  0 -1  0  2  1  0 -1  0  4  1 -1    5   5   5   5   5   5   5   5   5   5   5   5   5   5   5   5   5   5   5   5  0.03 0.09
   71 T    3 -1 -1 -2  3 -1 -2 -1  0 -1  0 -2  1 -1 -1  0  0  2 -1 -1   22   4   3   3   5   3   3   5   2   4   8   3   3   3   3   8   6   2   3   5  0.11 0.17
   72 Q   -1  0  0  0  2  0 -1 -1  2  0 -1  0  2  1  0 -1  0  4  1 -1    5   5   5   5   5   5   5   5   5   5   5   5   5   5   5   5   5   5   5   5  0.03 0.09
   73 G    0 -1 -1 -2  2 -1 -2  2  0  1  0 -2  1  0 -2 -1 -2  2  0  1    8   4   3   3   4   3   3  15   3   7  11   3   3   3   2   4   3   2   3  10  0.05 0.09
   74 L   -1  0  0  0  2  0 -1 -1  2  0 -1  0  2  1  0 -1  0  4  1 -1    5   5   5   5   5   5   5   5   5   5   5   5   5   5   5   5   5   5   5   5  0.03 0.09
   75 I   -1  0  0  0  2  0 -1 -1  2  0 -1  0  2  1  0 -1  0  4  1 -1    5   5   5   5   5   5   5   5   5   5   5   5   5   5   5   5   5   5   5   5  0.03 0.09
   76 F   -1  0  0  0  3  0  0 -1  2  0 -1  0  2  1  0 -1  0  4  1 -1    5   5   5   5   5   5   5   5   5   5   5   5   5   5   5   5   5   5   5   5  0.09 0.08
   77 V   -2 -2 -1 -2  3 -1 -3 -3  0  2  1 -2  2 -1 -2 -3 -2  2  0  5    4   3   3   3   4   3   3   3   2   9  13   3   5   3   3   3   3   3   3  27  0.38 0.25
   78 V   -1  0  0  0  3  0  0 -1  2  0 -1  0  2  1  0 -1  0  4  1 -1    5   5   5   5   5   5   5   5   5   5   5   5   5   5   5   5   5   5   5   5  0.09 0.08
   79 D   -1  0  0  0  3  0  0 -1  2  0 -1  0  2  1  0 -1  0  4  1 -1    5   5   5   5   5   5   5   5   5   5   5   5   5   5   5   5   5   5   5   5  0.09 0.08
   80 C   -1  0  0  0  3  0  0 -1  2  0 -1  0  2  1  0 -1  0  4  1 -1    5   5   5   5   5   5   5   5   5   5   5   5   5   5   5   5   5   5   5   5  0.09 0.08
   81 A   -1  1  0  1  1  0 -1 -1  1 -1 -2  0  1  0 -2  2  2  2  0 -2    6   8   5   6   3   4   4   4   3   3   4   5   3   4   3  14  12   2   3   4  0.13 0.14
   82 D   -1  0  0  0  3  0  0 -1  2  0 -1  0  2  1  0 -1  0  4  1 -1    5   5   5   5   5   5   5   5   5   5   5   5   5   5   5   5   5   5   5   5  0.09 0.08
   83 R   -1  0  0  0  2  0 -1 -1  2  0 -1  0  2  1  0 -1  0  4  1 -1    5   5   5   5   5   5   5   5   5   5   5   5   5   5   5   5   5   5   5   5  0.03 0.09
   84 D   -1  0  0  0  3  0  0 -1  2  0 -1  0  2  1  0 -1  0  4  1 -1    5   5   5   5   5   5   5   5   5   5   5   5   5   5   5   5   5   5   5   5  0.09 0.08
   85 R   -2  1  0  0  1  0 -1 -1  1 -1 -2 -1  1 -1 -1  3  2  2  0 -2    4   7   4   4   3   5   4   6   3   3   4   4   3   3   4  17  11   2   3   4  0.11 0.15
   86 I   -1  0  0  0  2  0 -1 -1  2  0 -1  0  2  1  0 -1  0  4  1 -1    5   5   5   5   5   5   5   5   5   5   5   5   5   5   5   5   5   5   5   5  0.03 0.09
   87 D   -1  0  0  0  3  0  0 -1  2  0 -1  0  2  1  0 -1  0  4  1 -1    5   5   5   5   5   5   5   5   5   5   5   5   5   5   5   5   5   5   5   5  0.09 0.08
   88 E   -1  0  0  0  3  0  0 -1  2  0 -1  0  2  1  0 -1  0  4  1 -1    5   5   5   5   5   5   5   5   5   5   5   5   5   5   5   5   5   5   5   5  0.09 0.08
   89 A   -1  0  0  0  3  0  0 -1  2  0 -1  0  2  1  0 -1  0  4  1 -1    5   5   5   5   5   5   5   5   5   5   5   5   5   5   5   5   5   5   5   5  0.09 0.08
   90 R   -1  0  0  0  3  0  0 -1  2  0 -1  0  2  1  0 -1  0  4  1 -1    5   5   5   5   5   5   5   5   5   5   5   5   5   5   5   5   5   5   5   5  0.09 0.08
   91 Q   -1  0  0  0  3  0  0 -1  2  0 -1  0  2  1  0 -1  0  4  1 -1    5   5   5   5   5   5   5   5   5   5   5   5   5   5   5   5   5   5   5   5  0.09 0.08
   92 E   -1  0  0  0  2  0 -1 -1  2  0 -1  0  2  1  0 -1  0  4  1 -1    5   5   5   5   5   5   5   5   5   5   5   5   5   5   5   5   5   5   5   5  0.03 0.09
   93 L   -1 -1 -1 -2  1 -1 -2 -3  1  2  2 -1  2  1 -1 -2  0  3  1  1    4   4   3   3   3   3   3   3   3  10  19   4   5   6   3   3   5   3   5   9  0.15 0.10
   94 H   -1  0  0  0  3  0  0 -1  2  0 -1  0  2  1  0 -1  0  4  1 -1    5   5   5   5   5   5   5   5   5   5   5   5   5   5   5   5   5   5   5   5  0.09 0.08
   95 R   -1  0  0  0  2  0 -1 -1  2  0 -1  0  2  1  0 -1  0  4  1 -1    5   5   5   5   5   5   5   5   5   5   5   5   5   5   5   5   5   5   5   5  0.03 0.09
   96 I   -1 -1 -1 -2  1 -1 -2 -3  1  3  1 -1  1  1 -2 -2 -1  3  2  1    5   3   3   3   3   3   3   3   3  15  14   4   4   5   3   3   3   4   6  10  0.19 0.13
   97 I   -1  0  0  0  3  0  0 -1  2  0 -1  0  2  1  0 -1  0  4  1 -1    5   5   5   5   5   5   5   5   5   5   5   5   5   5   5   5   5   5   5   5  0.09 0.08
   98 N    0  3  1  1  0  1  1 -1  2 -2 -2  1  0 -2 -2  0 -1  1 -1 -2    6  13   5   7   2   6  10   6   4   3   4   8   2   2   2   7   4   2   3   3  0.14 0.13
   99 D    0  1  1  0  1  0  1 -2  3 -1 -1  0  1  0 -1 -1 -1  2  2 -1    7   6   6   5   3   5   8   4   7   4   5   7   3   5   3   5   4   3   5   5  0.09 0.08
  100 R   -1  0  0  0  2  0 -1 -1  2  0 -1  0  2  1  0 -1  0  4  1 -1    5   5   5   5   5   5   5   5   5   5   5   5   5   5   5   5   5   5   5   5  0.03 0.09
  101 E   -1  0  0  0  2  0 -1 -1  2  0 -1  0  2  1  0 -1  0  4  1 -1    5   5   5   5   5   5   5   5   5   5   5   5   5   5   5   5   5   5   5   5  0.03 0.09
  102 M   -1  0  0  0  3  0  0 -1  2  0 -1  0  2  1  0 -1  0  4  1 -1    5   5   5   5   5   5   5   5   5   5   5   5   5   5   5   5   5   5   5   5  0.09 0.08
  103 R    0  0  0  1  1  0  0 -1  1 -1 -1  0  1  0  1  0  0  2  1 -1    7   5   5   7   3   4   7   5   4   4   5   6   3   4   8   7   5   3   5   4  0.06 0.06
  104 D   -1  0  0  0  2  0 -1 -1  2  0 -1  0  2  1  0 -1  0  4  1 -1    5   5   5   5   5   5   5   5   5   5   5   5   5   5   5   5   5   5   5   5  0.03 0.09
  105 A   -1  0  0  0  2  0 -1 -1  2  0 -1  0  2  1  0 -1  0  4  1 -1    5   5   5   5   5   5   5   5   5   5   5   5   5   5   5   5   5   5   5   5  0.03 0.09
  106 I   -1  0  0  0  2  0 -1 -1  2  0 -1  0  2  1  0 -1  0  4  1 -1    5   5   5   5   5   5   5   5   5   5   5   5   5   5   5   5   5   5   5   5  0.03 0.09
  107 I   -1  0  0  0  2  0 -1 -1  2  0 -1  0  2  1  0 -1  0  4  1 -1    5   5   5   5   5   5   5   5   5   5   5   5   5   5   5   5   5   5   5   5  0.03 0.09
  108 L   -1  0  0  0  2  0 -1 -1  2  0 -1  0  2  1  0 -1  0  4  1 -1    5   5   5   5   5   5   5   5   5   5   5   5   5   5   5   5   5   5   5   5  0.03 0.09
  109 I   -1  0  0  0  2  0 -1 -1  2  0 -1  0  2  1  0 -1  0  4  1 -1    5   5   5   5   5   5   5   5   5   5   5   5   5   5   5   5   5   5   5   5  0.03 0.09
  110 F    0 -2 -2 -2  2 -1 -2 -1  0  2  0 -2  1  0 -2 -2 -2  2  0  4    8   3   3   3   4   3   3   6   3  10   8   3   3   4   3   3   3   3   3  24  0.26 0.18
  111 A   -1  0  0  0  2  0 -1 -1  2  0 -1  0  2  1  0 -1  0  4  1 -1    5   5   5   5   5   5   5   5   5   5   5   5   5   5   5   5   5   5   5   5  0.03 0.09
  112 N   -3 -2  7 -2  1 -2 -3 -3  1 -1 -3 -2  0 -1 -2 -1  1  2 -1 -2    3   3  35   3   3   2   3   3   3   3   3   3   2   3   2   5   8   2   3   3  0.68 0.53
  113 K   -3  1  0 -1  1  0 -2 -2  1 -2 -3  5  1 -1 -2  0 -1  2 -1 -2    3   7   4   3   2   4   4   4   3   3   4  29   3   3   3   6   4   2   3   4  0.35 0.34
  114 Q    0  0  0 -1  3  2 -2 -3  0  0 -1 -1  1  3 -2  0 -1  3 -1  0    7   5   4   4   6   7   2   2   2   5   6   5   4  12   3   7   4   3   2   6  0.10 0.15
  115 D   -1  0  0  0  2  0 -1 -1  2  0 -1  0  2  1  0 -1  0  4  1 -1    5   5   5   5   5   5   5   5   5   5   5   5   5   5   5   5   5   5   5   5  0.03 0.09
  116 L   -1  0  0  0  2  0 -1 -1  2  0 -1  0  2  1  0 -1  0  4  1 -1    5   5   5   5   5   5   5   5   5   5   5   5   5   5   5   5   5   5   5   5  0.03 0.09
  117 P    0  0  0  0  1  0  0 -1  0  0  0 -1  1  0  1  0  0  2  0  0    8   5   4   5   3   4   7   4   3   6   7   4   3   4   8   5   4   2   3   7  0.00 0.03
  118 D   -1  0  0  0  2  0 -1 -1  2  0 -1  0  2  1  0 -1  0  4  1 -1    5   5   5   5   5   5   5   5   5   5   5   5   5   5   5   5   5   5   5   5  0.03 0.09
  119 A   -1  0  0  0  2  0 -1 -1  2  0 -1  0  2  1  0 -1  0  4  1 -1    5   5   5   5   5   5   5   5   5   5   5   5   5   5   5   5   5   5   5   5  0.03 0.09
  120 M   -1  0  0  0  2  0 -1 -1  2  0 -1  0  2  1  0 -1  0  4  1 -1    5   5   5   5   5   5   5   5   5   5   5   5   5   5   5   5   5   5   5   5  0.03 0.09
  121 K   -1  0  0  1  1  1  1 -1  1 -1 -2  0  0 -1  1  1  0  2  0 -1    6   4   5   7   3   5   8   4   3   4   4   6   3   3   6   9   6   3   3   4  0.01 0.07
  122 P    0  0 -1 -1  0  0  0 -1  0  0  0  0  0 -1  2 -1  0  1  0  0    7   5   4   3   2   4   6   4   2   7  11   5   3   3   9   5   6   2   3   7  0.02 0.03
  123 H   -1  0  0  0  2  0 -1 -1  2  0 -1  0  2  1  0 -1  0  4  1 -1    5   5   5   5   5   5   5   5   5   5   5   5   5   5   5   5   5   5   5   5  0.03 0.09
  124 E   -1  0  0  0  2  0 -1 -1  2  0 -1  0  2  1  0 -1  0  4  1 -1    5   5   5   5   5   5   5   5   5   5   5   5   5   5   5   5   5   5   5   5  0.03 0.09
  125 I   -1  0  0  0  2  0 -1 -1  2  0 -1  0  2  1  0 -1  0  4  1 -1    5   5   5   5   5   5   5   5   5   5   5   5   5   5   5   5   5   5   5   5  0.03 0.09
  126 Q   -1  0  0  0  3  0  0 -1  2  0 -1  0  2  1  0 -1  0  4  1 -1    5   5   5   5   5   5   5   5   5   5   5   5   5   5   5   5   5   5   5   5  0.09 0.08
  127 E   -1  0  0  0  3  0  0 -1  2  0 -1  0  2  1  0 -1  0  4  1 -1    5   5   5   5   5   5   5   5   5   5   5   5   5   5   5   5   5   5   5   5  0.09 0.08
  128 K   -1  0  0  0  3  0  0 -1  2  0 -1  0  2  1  0 -1  0  4  1 -1    5   5   5   5   5   5   5   5   5   5   5   5   5   5   5   5   5   5   5   5  0.09 0.08
  129 L   -1  0  0  0  2  0 -1 -1  2  0 -1  0  2  1  0 -1  0  4  1 -1    5   5   5   5   5   5   5   5   5   5   5   5   5   5   5   5   5   5   5   5  0.03 0.09
  130 G   -1  0  0  0  2  0 -1 -1  2  0 -1  0  2  1  0 -1  0  4  1 -1    5   5   5   5   5   5   5   5   5   5   5   5   5   5   5   5   5   5   5   5  0.03 0.09
  131 L   -1  0  0 -1  1  1  0 -2  1  0  2  0  2  1 -1 -1 -1  4  1 -1    5   4   4   4   3   7   6   4   3   5  17   5   5   5   3   4   4   4   5   5  0.09 0.08
  132 T   -1  0  0  0  2  0 -1 -1  2  0 -1  0  2  1  0 -1  0  4  1 -1    5   5   5   5   5   5   5   5   5   5   5   5   5   5   5   5   5   5   5   5  0.03 0.09
  133 R   -1  0  0  0  2  0 -1 -1  2  0 -1  0  2  1  0 -1  0  4  1 -1    5   5   5   5   5   5   5   5   5   5   5   5   5   5   5   5   5   5   5   5  0.03 0.09
  134 I   -1  0  0  0  2  0 -1 -1  2  0 -1  0  2  1  0 -1  0  4  1 -1    5   5   5   5   5   5   5   5   5   5   5   5   5   5   5   5   5   5   5   5  0.03 0.09
  135 R   -1  0  0  0  2  0 -1 -1  2  0 -1  0  2  1  0 -1  0  4  1 -1    5   5   5   5   5   5   5   5   5   5   5   5   5   5   5   5   5   5   5   5  0.03 0.09
  136 D   -1  0  0  0  2  0 -1 -1  2  0 -1  0  2  1  0 -1  0  4  1 -1    5   5   5   5   5   5   5   5   5   5   5   5   5   5   5   5   5   5   5   5  0.03 0.09
  137 R   -1  0  0  0  2  0 -1 -1  2  0 -1  0  2  1  0 -1  0  4  1 -1    5   5   5   5   5   5   5   5   5   5   5   5   5   5   5   5   5   5   5   5  0.03 0.09
  138 N   -1  0  0  0  2  0 -1 -1  2  0 -1  0  2  1  0 -1  0  4  1 -1    5   5   5   5   5   5   5   5   5   5   5   5   5   5   5   5   5   5   5   5  0.03 0.09
  139 W   -1  0  0  0  2  0 -1 -1  2  0 -1  0  2  1  0 -1  0  4  1 -1    5   5   5   5   5   5   5   5   5   5   5   5   5   5   5   5   5   5   5   5  0.03 0.09
  140 Y   -1  0  0  0  2  0 -1 -1  2  0 -1  0  2  1  0 -1  0  4  1 -1    5   5   5   5   5   5   5   5   5   5   5   5   5   5   5   5   5   5   5   5  0.03 0.09
  141 V   -1  0  0  0  3  0  0 -1  2  0 -1  0  2  1  0 -1  0  4  1 -1    5   5   5   5   5   5   5   5   5   5   5   5   5   5   5   5   5   5   5   5  0.09 0.08
  142 Q   -1  0  0  0  3  0  0 -1  2  0 -1  0  2  1  0 -1  0  4  1 -1    5   5   5   5   5   5   5   5   5   5   5   5   5   5   5   5   5   5   5   5  0.09 0.08
  143 P   -1  0  0  0  3  0  0 -1  2  0 -1  0  2  1  0 -1  0  4  1 -1    5   5   5   5   5   5   5   5   5   5   5   5   5   5   5   5   5   5   5   5  0.09 0.08
  144 S   -1  0  0  0  2  0 -1 -1  2  0 -1  0  2  1  0 -1  0  4  1 -1    5   5   5   5   5   5   5   5   5   5   5   5   5   5   5   5   5   5   5   5  0.03 0.09
  145 C   -1  0  0  0  2  0 -1 -1  2  0 -1  0  2  1  0 -1  0  4  1 -1    5   5   5   5   5   5   5   5   5   5   5   5   5   5   5   5   5   5   5   5  0.03 0.09
  146 A   -1  0  0  0  2  0 -1 -1  2  0 -1  0  2  1  0 -1  0  4  1 -1    5   5   5   5   5   5   5   5   5   5   5   5   5   5   5   5   5   5   5   5  0.03 0.09
  147 T   -1  1  0  0  0  0  0 -2  1  0  0  2  1 -1 -1 -1 -1  2  0 -1    5   6   5   4   2   4   6   4   3   5   9  12   4   3   4   5   4   2   3   5  0.01 0.06
  148 S   -1  0  0  0  2  0 -1 -1  2  0 -1  0  2  1  0 -1  0  4  1 -1    5   5   5   5   5   5   5   5   5   5   5   5   5   5   5   5   5   5   5   5  0.03 0.09
  149 G   -1  0  0  0  2  0 -1 -1  2  0 -1  0  2  1  0 -1  0  4  1 -1    5   5   5   5   5   5   5   5   5   5   5   5   5   5   5   5   5   5   5   5  0.03 0.09
  150 D   -1  0  0  0  2  0 -1 -1  2  0 -1  0  2  1  0 -1  0  4  1 -1    5   5   5   5   5   5   5   5   5   5   5   5   5   5   5   5   5   5   5   5  0.03 0.09
  151 G   -1  0  0  0  2  0 -1 -1  2  0 -1  0  2  1  0 -1  0  4  1 -1    5   5   5   5   5   5   5   5   5   5   5   5   5   5   5   5   5   5   5   5  0.03 0.09
  152 L   -1  0  0  0  2  0 -1 -1  2  0 -1  0  2  1  0 -1  0  4  1 -1    5   5   5   5   5   5   5   5   5   5   5   5   5   5   5   5   5   5   5   5  0.03 0.09
  153 Y   -1  0  0  2  0  0  2  0  1 -2 -2  1  0 -1 -1 -1 -1  2  0 -2    6   6   5  10   2   4  10   6   3   3   4   8   3   3   4   5   4   2   3   4  0.04 0.11
  154 E   -1  0  0  0  2  0 -1 -1  2  0 -1  0  2  1  0 -1  0  4  1 -1    5   5   5   5   5   5   5   5   5   5   5   5   5   5   5   5   5   5   5   5  0.03 0.09
  155 G    1 -2 -2 -2  1 -1 -2 -2  0  0  3 -2  1  0 -2 -2 -1  2 -1  1   10   3   3   3   3   3   3   4   2   6  24   3   3   3   3   3   4   2   2   9  0.14 0.16
  156 L   -1  0  0  0  2  0 -1 -1  2  0 -1  0  2  1  0 -1  0  4  1 -1    5   5   5   5   5   5   5   5   5   5   5   5   5   5   5   5   5   5   5   5  0.03 0.09
  157 T   -1  0  0  0  3  0  0 -1  2  0 -1  0  2  1  0 -1  0  4  1 -1    5   5   5   5   5   5   5   5   5   5   5   5   5   5   5   5   5   5   5   5  0.09 0.08
  158 W   -1  0  0  0  3  0  0 -1  2  0 -1  0  2  1  0 -1  0  4  1 -1    5   5   5   5   5   5   5   5   5   5   5   5   5   5   5   5   5   5   5   5  0.09 0.08
  159 L   -1  0  0  0  2  0 -1 -1  2  0 -1  0  2  1  0 -1  0  4  1 -1    5   5   5   5   5   5   5   5   5   5   5   5   5   5   5   5   5   5   5   5  0.03 0.09
  160 T    1  0 -1 -1  1  1 -1 -2  1  1  0 -1  1  0 -1  0  0  2  0  0   10   5   3   4   3   6   4   4   3   8  11   4   3   4   4   5   5   3   4   8  0.03 0.03
  161 S   -1  0  0  0  3  0  0 -1  2  0 -1  0  2  1  0 -1  0  4  1 -1    5   5   5   5   5   5   5   5   5   5   5   5   5   5   5   5   5   5   5   5  0.09 0.08
  162 N   -1  1  0 -1  1  1  0 -2  3  0  0  0  1  0 -1 -1 -1  3  2 -1    6   6   5   4   3   6   6   3   6   5   9   6   4   4   3   5   5   4   6   4  0.07 0.07
  163 Y   -1 -3 -3 -3  0 -3 -3 -4  0  4  3 -3  2  3 -3 -3 -3  2 -1  1    5   2   2   2   2   2   2   2   2  18  23   2   4   8   2   3   2   2   3  10  0.44 0.26
  164 K   -1  2  0 -4 -2 -1 -1 -2 -3 -1 -2  5 -3  3 -2 -2  1 -5 -1 -3    6  11   5   0   1   1   2   2   0   4   4  38   0  13   2   2   8   0   1   1  0.49 0.31

                      K         Lambda
PSI Ungapped         0.0460     0.2966
PSI Gapped           0.0141     0.2670
