
Last position-specific scoring matrix computed, weighted observed percentages rounded down, information per position, and relative weight of gapless real matches to pseudocounts
            A   R   N   D   C   Q   E   G   H   I   L   K   M   F   P   S   T   W   Y   V   A   R   N   D   C   Q   E   G   H   I   L   K   M   F   P   S   T   W   Y   V
    1 E    -2  -1  -1   2  -4   1   5  -1   1  -4  -2   0  -3  -4   0   0  -1  -4  -3  -3    0   0   0  12   0   3  59   5   5   0   3   0   0   0   3   7   3   0   0   0  0.62 0.17
    2 A     0  -2  -1   1  -5   0   0   4  -3  -1  -1   0  -1  -4  -1  -1   0  -3  -3   0    7   2   2   8   0   4   5  33   1   3   6   5   2   1   3   4   7   0   1   7  0.33 0.28
    3 S    -1   0   1   0  -4   1   1  -2  -2  -1  -2   0  -2  -1  -1   1   3   0   0   1    5   4   7   5   0   7   9   2   1   3   3   6   1   3   3   9  17   1   4  10  0.16 0.20
    4 L    -1  -1  -3  -3  -5  -2  -6  -6  -6   4   3  -3   0   0  -2  -3  -1   0  -1   2    5   3   2   2   0   2   0   0   0  27  27   2   2   3   2   2   5   2   2  13  0.63 0.40
    5 T    -1   2   1  -1  -4   1  -1  -2   1   0  -1   1   0  -1  -2   1   2   2   0   0    4  12   6   3   0   7   3   3   3   5   4   8   2   2   2  13  11   3   3   6  0.14 0.19
    6 G     0  -1  -1  -2   1  -1  -1   2   1   3  -1  -1   1   0  -6   0  -1  -6   0   1    8   3   3   3   3   3   3  17   3  14   6   4   3   4   0   7   4   0   4   8  0.19 0.14
    7 A    -1   0   0   0   2   0   0  -1   2   0  -1   0   2   1   0  -1   0   4   1  -1    5   5   5   5   5   5   5   5   5   5   5   5   5   5   5   5   5   5   5   5  0.09 0.08
    8 G     0  -6  -2  -2   0  -6  -3   7  -6  -3  -4  -6  -6  -7  -3  -1  -2  -7  -7  -2    7   0   2   2   2   0   2  67   0   2   2   0   0   0   2   4   2   0   0   4  1.50 0.79
    9 A     2  -3  -1   1  -1  -2  -1   0   0  -3  -2  -3  -1  -2   0   5  -1  -6  -2  -2   13   1   3   8   1   1   3   6   2   2   4   1   2   1   4  37   4   0   1   3  0.49 0.46
   10 T     0  -1  -1   1  -4  -1   1  -1  -1  -2  -2  -1   0  -2   1   2   2   1  -1  -2    7   2   3   7   0   2  10   5   2   2   4   3   2   2   7  19  14   2   2   3  0.20 0.25
   11 F     0  -2  -1  -2   1  -1  -2  -2   1  -1  -1  -2   1   3  -1   1   3   3   0   0    8   3   3   3   3   3   3   3   3   3   7   3   3  12   3  10  15   4   3   5  0.21 0.19
   12 P    -1  -2   0   0   2   0   0  -1   2   0  -1   0   1   0   0   0   0   3   1   0    5   0   5   5   5   5   5   5   5   5   5   5   5   5   5   5   5   5   5   5  0.07 0.11
   13 A     2   0   0  -1  -5   2   0   0   0  -2  -1   0   0   0  -2   0  -1   1   1  -1   18   5   4   3   0   8   6   6   2   2   8   5   2   4   2   8   3   2   6   4  0.12 0.13
   14 P     0  -2   1  -1   1   1  -1  -2   3  -1  -2  -1   1  -1   5  -2  -2   2   0  -2    7   3   6   4   2   6   4   4   5   4   4   5   4   3  23   4   3   2   4   3  0.37 0.31
   15 V    -1   0   0   0   2   0   0  -1   2   0  -1   0   2   1   0  -1   0   4   1  -1    5   5   5   5   5   5   5   5   5   5   5   5   5   5   5   5   5   5   5   5  0.09 0.08
   16 Y     0   0  -1  -2   1  -1  -2  -2   0   1  -1  -2   4   1  -2  -1   1   2   4   0    7   5   3   3   2   3   3   3   3   6   7   3  10   5   3   5   8   3  13   6  0.27 0.20
   17 A     0   0   1   1  -6   2   2  -2   1  -2  -2   1   0  -1  -1   0   1   2   0  -2    7   5   6   7   0   9  11   4   3   3   4   8   3   3   3   7   8   3   3   3  0.15 0.16
   18 K     1   1   0   1  -3   1   1  -1   0  -1  -1   0   0  -1  -1   0   0   1   0   0   11   7   3   7   0   6  10   5   3   4   4   5   3   3   3   9   4   3   3   6  0.06 0.08
   19 W     0  -5  -1  -5   1   0  -1  -2  -5   0  -1  -5   1   2  -1  -1  -1   8   1   2    8   0   3   0   3   4   4   3   0   5   7   0   4   8   3   4   4  22   4  13  0.66 0.43
   20 A     0   0   0   0   2   0   0  -1   1   0  -1   0   1   0   0   0   0  -2   1   0    5   5   5   5   5   5   5   5   5   5   5   5   5   5   5   5   5   0   5   5  0.03 0.05
   21 D     1   0   0   1  -3   1   5  -3  -2  -4  -5   1  -3  -4  -1   0  -2  -2  -1  -2   11   4   5   7   1   6  31   2   1   1   2   7   1   1   3   6   3   1   2   3  0.53 0.42
   22 T     2   0   1   1  -2   1   3  -1  -2  -2  -2   0  -1  -4  -3  -1   0  -2  -3   0   19   4   6   9   1   7  16   5   1   2   4   5   1   1   2   4   5   1   1   6  0.25 0.23
   23 Y    -4  -4  -4 -10  -2  -4 -10  -6  -2  -1   0 -10  -1   7 -10  -5  -5   2   7  -1    2   1   1   0   1   1   0   1   1   3   8   0   2  37   0   1   1   3  32   4  1.87 0.94
   24 Q     1   0   1  -3   0   3   1   2   0  -3  -3   1   2  -3  -3   0  -1  -1  -1  -1   10   6   6   1   2  14   7  13   2   2   3   7   5   1   1   7   4   1   2   4  0.24 0.21
   25 K     1   1   1  -1  -6   2   1  -1   0  -3  -3   3  -2  -1  -2   1   0  -1  -1  -3   13   8   6   3   0   7   8   4   2   2   3  15   1   2   2   9   6   1   3   2  0.24 0.21
   26 E     0   0   2  -1   4   0  -1  -1   3  -2  -2   0  -1   0   0   0   1   1   2  -1    7   4   9   3   7   4   4   5   6   3   3   6   2   4   5   8   8   2   6   4  0.16 0.13
   27 T    -1  -1   1   0   0  -1  -1   0   0  -2  -3  -1  -1   0   4   0   2   1   1  -2    5   3   8   6   2   3   4   7   2   2   3   4   2   3  19   7  12   2   4   3  0.28 0.25
   28 G    -1  -1   1   2  -6   0  -1   3   1  -2  -2   0   0   1  -1  -1  -1   2   0  -2    5   3   7  10   0   5   4  20   3   3   4   5   3   7   4   5   4   3   4   3  0.21 0.17
   29 N    -1   0   0   0   2   0   0  -1   2   0  -1   0   2   1   0  -1   0   4   1  -1    5   5   5   5   5   5   5   5   5   5   5   5   5   5   5   5   5   5   5   5  0.09 0.08
   30 K    -1   1   2  -1   1   0  -1  -1   1  -1  -2   1   0   2   1   0   1  -5   0  -1    4   7   9   4   3   4   4   4   4   3   4   8   3   9   6   7   9   0   3   5  0.11 0.11
   31 V    -1   0   0   0   2   0   0  -1   2   0  -1   0   2   1   0  -1   0   4   1  -1    5   5   5   5   5   5   5   5   5   5   5   5   5   5   5   5   5   5   5   5  0.09 0.08
   32 N    -1   1   3   0  -7   2   0  -2  -1  -1  -3   1  -3  -3  -2   1   2  -8  -3   0    5   7  13   5   0  10   6   3   1   4   3   9   1   1   3   9  12   0   1   6  0.29 0.26
   33 Y    -3  -5  -3  -3  -3  -3  -4  -6  -2   2  -1  -5  -1   1   0  -5  -3  -2   8   2    3   1   2   2   1   2   1   1   1   9   6   1   2   5   5   1   2   1  42  12  1.31 0.69
   34 Q    -1  -1   0   0  -2   3   2  -1   0   0  -2  -1  -2   0  -2   0   2   0   0   0    6   3   5   5   1  12  11   4   3   6   4   3   1   4   2   8  11   1   4   6  0.15 0.16
   35 G     2  -2  -2  -1   0   1  -1   1  -1  -3  -2  -2  -2  -1   2   2   0  -2   2  -2   14   3   2   4   2   5   5   9   1   1   4   2   1   3  12  15   5   1   7   4  0.24 0.24
   36 I     0  -1  -1  -1   0  -2  -2   1   1   0  -2   0   2  -3  -1   2   3  -2  -1   1    7   4   3   3   2   2   2   9   4   6   4   6   4   1   4  13  15   1   2   9  0.17 0.16
   37 G    -3  -3   0   1  -9  -2  -3   5  -1  -4  -4  -2  -3  -3   0   1   0  -9  -4  -3    3   2   5   7   0   2   2  44   2   2   2   2   1   2   6  10   6   0   1   2  0.84 0.54
   38 S    -2  -4  -2  -1  -3  -3   2  -1  -2  -3  -3  -4  -3  -3  -2   5   2  -2  -3  -2    4   1   2   3   1   2  12   5   1   2   3   1   1   1   2  42  12   1   1   3  0.82 0.59
   39 S     0  -3   1   0  -2   0   0   4   0  -2  -3  -2  -2  -3  -2   2   1  -7  -4  -1    7   2   6   6   1   4   6  26   2   3   4   3   1   1   2  14   8   0   1   5  0.35 0.28
   40 G     2  -2   0   1  -2   1   1   1  -2  -2  -3   0  -1  -3  -1   0   2  -2  -3  -1   16   2   4   7   1   6  11  11   1   2   3   5   1   1   3   6  12   1   1   5  0.21 0.20
   41 G     4  -8  -2  -4  -1  -3  -3   5  -8  -2  -3  -5  -2  -9  -3  -1  -2  -9  -3  -1   26   0   2   2   1   2   2  42   0   2   3   1   1   0   2   5   3   0   1   5  1.04 0.62
   42 V    -2   0  -3  -3  -1  -1  -3  -4  -3   4   1   0   2   2  -1  -4  -2  -1   0   1    4   6   1   2   2   3   2   1   1  24  13   7   5   9   4   1   3   1   3   9  0.44 0.25
   43 K     1   1   2   1  -2   2   1  -2  -1  -2  -3   3  -1  -3   0   0   0  -7  -3  -3   11   8   8   7   1   8   9   3   2   3   2  14   1   1   5   6   7   0   1   3  0.25 0.22
   44 Q     2   0   1   0  -1   3   1  -2  -2  -3   0   0   2  -3  -4   0  -1  -2  -2  -2   16   5   6   5   1  16   7   4   1   1  10   6   6   1   0   6   4   1   1   2  0.24 0.26
   45 I    -2  -6  -5  -5  -4  -3  -5  -5  -4   2   4  -6   2   6  -7  -4  -3  -2   1   1    3   0   1   1   0   2   1   1   0   9  32   0   5  29   0   2   2   1   4   8  1.04 0.57
   46 I     1   0  -1  -1   3   0  -1  -1  -3   2   1   0   0  -2  -3  -1   1  -2  -1   0   12   5   2   3   7   5   4   4   0  12  16   6   2   1   1   4   8   0   2   6  0.13 0.14
   47 A     2  -1   2   1  -2   0   1   0  -1  -3  -2   0  -1  -3  -2   1   0  -4  -1  -2   19   3  11   9   1   5   8   6   1   1   4   6   1   1   1  10   6   0   2   3  0.20 0.19
   48 N    -2  -1   0   2  -3   0  -1   5  -1  -4  -3   0  -2  -2  -1  -1  -2  -4  -1  -3    3   3   5  11   1   4   4  42   2   1   2   6   1   2   3   3   3   0   2   2  0.62 0.39
   49 T     0  -1   0   0  -2   1   1  -1  -1   0  -1   1   0  -2  -1   1   2  -4  -2   0    7   3   4   5   1   7   8   4   1   6   5   7   2   2   2  10  17   0   1   6  0.12 0.15
   50 V     1  -3  -1  -3  -1  -2  -3  -2  -4   1   0  -3  -1  -2   1   0   2  -5   1   3   13   1   3   1   1   2   2   4   0   9   8   1   1   2   6   5  14   0   4  24  0.30 0.28
   51 D     0   0   0   6  -1   1  -1  -3   1  -5  -3  -2  -1  -5  -3  -1  -2  -2  -4  -2    7   5   4  49   1   5   3   2   3   1   3   2   2   1   1   5   2   1   1   3  0.95 0.62
   52 F    -2  -2  -7  -7  -2  -7  -7  -5  -2   4   1  -7   1   7  -4  -5  -3   1   1   0    3   2   0   0   1   0   0   1   1  18  13   0   3  40   1   1   2   2   4   6  1.19 0.64
   53 G     4  -5  -1  -2  -1  -3  -3   3  -5  -1  -2  -3  -2  -2  -5   0   0  -1  -5   0   35   0   3   2   1   1   1  24   0   4   3   2   1   2   0   7   5   1   0   8  0.63 0.47
   54 A     1   0   0  -1   0   0  -1   0   0   1   0  -2   0   0   1   0   0  -3   0   1   11   7   5   3   2   3   4   6   2   9   8   0   3   5   7   5   4   0   2  11  0.04 0.08
   55 S     1  -1  -1  -3   0  -1  -2  -1   0   0  -1  -1   2  -1  -1   3   2  -4  -1   0   11   3   2   0   2   3   2   4   3   4   6   3   6   2   2  21  16   0   2   7  0.21 0.26
   56 D    -1  -1   0   4   1  -1  -1   0   0  -2  -3  -2  -1  -2  -1   3   0   3  -1  -2    5   3   3  22   3   2   4   8   2   2   2   2   2   2   2  24   4   4   2   2  0.37 0.35
   57 A     1   6  -2  -2  -4  -2  -2   0  -2  -1  -3   0   0  -4  -2   1  -2  -3  -2  -1   12  37   2   3   0   1   2   6   1   3   3   5   2   1   2  10   3   0   1   5  0.61 0.47
   58 P     2   0  -3  -1  -4  -1   0  -1  -4  -3  -3  -1  -2  -2   6  -1  -2  -3   0  -3   14   6   1   4   0   2   7   6   0   1   2   4   1   2  37   4   2   0   3   2  0.75 0.56
   59 L    -2  -4  -3  -5  -5  -3  -4  -4  -3   3   4  -3   5   0  -1  -4  -3  -2   0   0    4   1   1   1   0   1   1   2   1  18  34   2  14   3   4   1   2   1   3   7  0.76 0.48
   60 S    -1   0   1   1  -6  -1  -1  -2  -3  -4  -3   4  -3  -2   1   2   3  -2  -3  -4    4   4   5   6   0   3   4   3   1   1   3  25   0   2   6  14  15   1   1   1  0.44 0.40
   61 D     1  -2  -1   4  -3   0   2  -1  -1  -3  -3   1  -2  -3   3   0  -1  -2  -3  -3   12   2   2  20   1   4  12   5   1   2   3   7   1   1  13   7   4   1   1   2  0.35 0.32
   62 E     1  -1   0   2  -5   0   3  -1  -2  -3  -3   1  -3  -4  -2   2   0  -5  -3  -3   11   3   4  12   0   4  22   5   1   2   2   8   1   1   2  14   6   0   1   2  0.39 0.35
   63 K    -2  -2  -3   1  -5   1   6  -3  -1  -3  -3  -1  -2  -3  -3  -2  -2   0  -2  -2    3   2   1   7   0   5  53   2   1   2   3   3   1   1   2   2   3   1   1   3  1.02 0.64
   64 L    -1   0  -2  -2  -2   0  -1  -2  -1   1   2   0   2   0  -2  -1  -1   1   1   0    6   6   2   2   1   4   4   3   1  10  22   7   6   4   2   3   3   2   6   6  0.12 0.12
   65 A     2  -1   0   1  -2   2   3  -2  -1  -3  -3   1  -2  -3  -1   0   0  -5  -2  -2   20   3   5   9   1   8  18   2   1   1   3   9   1   1   3   7   5   0   1   3  0.30 0.29
   66 Q     1   0   0   0  -3   1   0  -1   0  -1  -1   2   0  -1  -1   0   0   0   0  -1   16   5   4   5   0   7   7   4   2   4   8  13   2   2   2   7   5   1   3   3  0.09 0.12
   67 E     0   0   0   0  -1  -1   0   1   0   1  -1   0   0   1   1   0   0   0   1   0    6   4   4   5   1   2   5  11   2  10   4   5   2   7   7   5   6   1   6   7  0.02 0.04
   68 G    -1   0   0   2  -4   1   2   2   0  -2  -2   1  -1  -2   1   0   0   0  -1  -2    4   4   5  14   0   5  12  15   2   2   3   8   2   2   7   5   5   1   2   2  0.20 0.20
   69 L     0  -1  -3  -1   1  -1  -1  -2   0   1   1  -1   1   1   1  -1  -1   2   2   1    8   3   0   3   3   3   3   3   3   8  18   3   4   5   8   3   3   3   8  10  0.10 0.13
   70 F    -1   0  -1  -1  -3   0   0  -1   0   2   0   0   1   0  -1  -1   0   2   0   1    4   5   3   3   0   5   6   4   3  15  10   5   4   4   3   4   7   4   3  10  0.06 0.10
   71 Q     0  -2   0   0  -3   4   3  -2   2  -2  -2  -3  -1  -3  -2  -1  -1  -3   1  -2    7   2   5   5   1  21  22   3   5   2   5   1   1   1   2   4   5   0   5   3  0.46 0.40
   72 F    -1  -3  -3  -4  -1  -2  -4  -5   0   4   2  -4   0   4  -4  -4  -2  -1  -2   3    5   1   2   1   1   2   1   0   2  23  17   1   2  14   1   1   2   1   1  20  0.64 0.40
   73 P    -1   1  -5  -4  -4   0  -1  -5  -2  -3  -4   0  -2  -5   7  -4  -3  -3  -4  -2    6   6   1   1   0   4   4   1   1   1   2   7   1   1  57   1   2   0   1   3  1.48 0.87
   74 T     0  -6  -4  -4  -3  -4  -4  -3  -6   4   1  -5   3   2  -6  -1   0  -1  -2   4    6   0   1   1   0   1   1   2   0  22  10   0   7   7   0   4   7   1   1  28  0.69 0.43
   75 V     4  -4  -4  -5   0  -4  -5   3  -3  -1  -2  -5  -1  -2  -5  -3   0  -1   1   2   37   1   1   1   2   1   1  19   0   4   4   0   2   2   0   1   6   1   4  14  0.69 0.49
   76 I     2  -2  -2  -5  -2  -3  -4   0  -1   3   0  -2   1   1  -4  -2  -1  -1   3   2   15   3   2   0   1   1   1   7   2  16   8   2   4   6   1   3   4   1  12  13  0.31 0.27
   77 G    -2  -4  -3   5  -2  -2  -2   3  -1  -4  -5  -5  -1   0  -4   2  -1  -2   0  -3    3   1   1  34   1   2   2  23   1   1   1   0   2   3   1  14   4   1   3   2  0.81 0.56
   78 G     4  -2  -4  -4  -4  -6  -5   4  -3  -4  -4  -3  -3  -4   3   0  -1  -7  -4  -2   32   2   1   1   0   0   1  33   1   1   2   1   1   1  12   6   3   0   1   2  0.90 0.61
   79 V    -3  -4  -5  -3  -5  -2  -4  -6  -4   5   2  -6   1   1  -4  -5  -2  -2   0   3    2   1   0   2   0   2   1   1   1  32  20   0   4   5   1   1   2   1   3  22  0.88 0.51
   80 V     4  -4  -4  -4  -2  -3  -4  -1  -3  -1  -1  -3  -1  -4  -3   0   2  -3  -3   4   29   1   1   1   1   1   1   4   1   2   5   1   1   1   1   7  12   0   1  30  0.66 0.49
   81 L    -2  -7  -7  -7  -3  -6  -5  -3  -4   4   2  -6   0   3   2  -3  -4  -2  -3   4    3   0   0   0   1   0   1   2   0  21  16   0   2  12  11   2   1   1   1  27  0.85 0.52
   82 A     3  -3  -2  -6   0  -4  -5  -1  -3   3  -2  -5   0   2  -1  -2   0  -2   0   3   24   2   2   0   2   0   0   6   1  14   3   0   2   8   3   3   5   0   4  22  0.50 0.39
   83 V    -3  -5  -2  -7  -4  -3  -4  -6   0   0  -3  -5  -2   2  -2  -2  -1  -5   7   4    3   1   2   0   0   2   1   1   3   5   3   1   1   6   2   4   4   0  32  31  1.12 0.67
   84 N    -3  -2   7  -2  -7  -1  -4  -3   4  -5  -5  -2  -7  -5  -2   0  -3  -8  -2  -3    3   2  57   2   0   3   1   2  10   1   1   3   0   1   3   8   2   0   2   2  1.61 0.89
   85 I    -1   1   0  -2  -3  -1  -2  -4  -3   2   2   2  -1  -1   1  -2  -2  -1  -2   2    4   6   4   2   0   2   2   1   1  11  23  14   1   2   7   2   2   1   1  12  0.25 0.24
   86 P    -1  -2   1   3  -3   0   1  -1  -3  -4  -5   0  -3  -4   5   1  -2  -3  -3  -4    6   3   6  15   1   5  10   4   1   1   1   6   1   1  27   9   3   0   1   1  0.61 0.42
   87 G    -1  -2   5   0  -5  -3   1   4  -4  -4  -5  -2  -3  -4  -3  -1  -2  -6  -3  -3    6   2  24   4   0   1   8  35   0   1   1   2   1   1   2   5   3   0   1   2  0.81 0.52
   88 L     0  -3  -1  -2   0  -2  -3  -2  -3   3   2  -2  -1  -1   2  -2  -1  -4  -2   3    8   1   3   2   2   1   2   3   1  14  19   3   1   3   9   2   3   0   1  22  0.34 0.26
   89 K     0   0   1   3  -2   0   1  -1  -1  -2  -2   2  -2  -3   1   1   1  -2  -3  -2    9   4   6  16   1   3   8   5   1   2   3  12   1   1   7   8   9   1   1   3  0.20 0.17
   90 S     0   0   0   0  -1   0   0   1   0  -1  -1   0   0   0   1   0   0  -1   0   0    7   4   5   6   1   4   6  10   2   4   7   6   2   4   5   9   6   1   4   6  0.03 0.01
   91 G     0   0   0   0  -1   0   0   1   0   0  -1   0   0  -1   1   0   0  -1   0  -1    7   4   4   6   1   4   6  12   3   5   7   5   2   3   6   8   8   1   3   5  0.04 0.01
   92 E     0   0   1   1  -2   2   1   0   1  -2  -1   0  -1  -2   1   1   0  -2  -1  -1    7   4   6  10   1   9  10   6   3   3   5   6   2   2   7   9   6   0   2   4  0.11 0.09
   93 L    -2  -3  -3  -2  -3  -3  -2  -3  -2   2   4  -2   2   2  -3  -1  -1   1  -1   0    3   1   2   2   0   1   2   2   1   9  42   2   5   8   2   4   4   2   2   6  0.49 0.29
   94 V     0   1   2   1   1   0   0   0  -1  -1  -2   2  -2  -1  -3   0   0  -3  -2   0    7   6  13   7   3   4   6   8   1   3   4  15   0   2   1   5   5   0   1   9  0.14 0.17
   95 L    -5  -7  -5  -5  -6  -7  -5  -5  -1   2   6  -6   2   2  -8  -7  -5  -3  -4  -1    1   0   1   1   0   0   1   1   2  10  65   1   4   8   0   0   1   0   1   4  1.45 0.78
   96 D    -2  -3   2   2  -4  -2  -2  -4  -3  -5  -5  -1  -6  -4  -2   3   5  -7  -4  -4    3   1   9  12   0   2   2   1   0   1   1   3   0   1   2  22  38   0   1   1  0.97 0.67
   97 G     0   2  -2  -2  -2   0  -2   1  -4   0   0   0   0  -1   3  -1  -1  -2  -1   1    8  12   1   2   1   4   2  11   0   6  10   5   2   3  15   3   4   1   2   9  0.18 0.19
   98 K     1   0   0   3  -2   1   3  -2  -2  -4  -5   2  -5  -5   1   0  -1  -3  -4  -2   13   6   5  13   1   6  21   3   1   1   1  10   0   0   7   5   4   0   1   3  0.40 0.35
   99 T    -1  -3  -1   3  -5   4   2  -5   0   0  -1  -3  -1  -4  -5  -3   2  -6  -4   1    5   1   3  16   0  21  11   1   2   4   7   1   1   1   0   1  14   0   0  10  0.54 0.45
  100 L    -2  -6  -7  -7  -3  -6  -6  -7  -4   4   5  -5   0  -1  -5  -5  -3   2   0   3    3   0   0   0   0   0   0   0   0  19  46   1   2   2   1   1   1   3   3  17  1.09 0.61
  101 G     3   1  -2   0   2  -1  -2  -1  -1  -2  -3   1  -3   2  -3  -1  -2   0   3  -1   27   6   1   6   5   2   2   4   1   3   2   8   0   8   1   5   2   1  10   5  0.31 0.30
  102 D     1   1   0   3  -5   1   0   1  -3  -3  -1   3  -2  -4  -4  -1  -2  -1  -3  -4   12   8   4  15   0   6   6  10   1   1   8  20   1   0   0   3   2   1   1   0  0.36 0.32
  103 I    -3  -5  -3  -6  -6  -5  -6  -6  -1   7   1  -5   2  -3  -6  -4  -3  -7  -4   3    2   1   1   0   0   0   1   1   2  55  13   1   4   1   0   1   1   0   0  15  1.47 0.75
  104 Y    -4  -7  -6  -5  -7  -5  -5  -5  -4  -3   0  -4   0   6   2  -6  -5   6   5  -1    2   0   0   1   0   1   1   1   0   1   9   1   2  32  11   0   1  11  20   5  1.35 0.75
  105 L     0  -1   1   0  -3   0   0  -1  -2  -1   1   0   1  -1  -2   2   1  -3  -1   0    7   4   6   5   0   5   4   4   1   2  13   4   5   2   2  18   9   0   2   6  0.11 0.17
  106 G    -1  -2   1   1  -2  -2  -2   6  -3  -5  -5  -2  -4  -4  -2  -1  -3  -3  -4  -4    4   3   8   7   1   2   3  56   1   1   1   3   0   1   2   4   1   0   1   1  1.07 0.59
  107 K     0   0   1  -1  -3   1   2  -2  -2  -4  -5   4  -3  -4   3  -1   2  -3  -3  -3    6   5   5   4   1   5  11   3   1   1   1  23   0   1  12   5  14   0   1   2  0.47 0.40
  108 I     0  -3  -1  -3  -6  -6  -4  -6  -2   6  -1  -3  -2  -2  -3  -3  -1  -6   3   2    7   1   4   1   0   0   1   1   1  45   4   2   1   2   2   2   4   0  10  12  0.96 0.57
  109 K    -1   0   0   0   2   0   0  -1   2   0  -1   0   2   1   0  -1   0   4   1  -1    5   5   5   5   5   5   5   5   5   5   5   5   5   5   5   5   5   5   5   5  0.09 0.08
  110 K    -2   1   2  -1   1   0  -2  -2   1  -1  -1   2   1  -1  -2  -1   2   3   1  -2    3   8  11   4   2   4   3   3   3   3   6  10   4   3   3   5  12   3   5   3  0.20 0.18
  111 W    -4  -3  -2  -2  -8  -1  -3  -3  -8  -3  -3  -3   0   0  -3  -3  -2  11  -1  -3    2   2   2   2   0   3   2   3   0   2   3   2   2   4   2   3   3  57   2   3  2.55 1.24
  112 D     0   0   4   2  -1   1  -2  -1  -1  -3  -3   0  -1  -2  -3   2  -2   0  -1  -4    7   4  20  11   1   6   3   6   2   1   3   6   2   2   2  17   2   1   3   2  0.42 0.33
  113 D    -2  -4  -2   7  -8   3   2  -4   1  -8  -4  -4  -2  -8  -4  -2  -1  -8  -1  -2    3   1   2  46   0  11  11   2   3   0   2   2   1   0   1   3   4   0   2   3  1.25 0.69
  114 E    -1  -3  -2  -3  -6  -2  -2  -3  -6   2   2  -2  -1  -1   4  -2  -3  -6   0   2    6   1   3   2   0   2   3   3   0  11  17   2   2   3  23   3   2   0   3  14  0.52 0.33
  115 A     2   2   1   1  -1   0   2   0  -1  -2  -1   0  -1  -2  -1   0   0  -3  -1  -1   18  11   6   7   1   3  13   8   2   2   5   5   1   2   2   5   4   0   2   4  0.13 0.13
  116 I    -1  -2  -1  -1  -3  -2  -2  -1  -1   4   1  -1   0   3  -1  -1  -2   0  -1   0    4   2   3   4   1   2   3   5   1  29  13   4   2  11   4   4   2   1   2   4  0.29 0.18
  117 A     2   0   0   0  -2   1   0   0   0  -1   0   1  -1  -2  -1   0   1  -2  -1   0   17   5   4   5   1   5   4   6   2   3   8  12   1   2   3   7   8   0   2   6  0.07 0.08
  118 K     2  -1   0   1  -2   0   0   1  -1  -1  -1   1  -1  -2  -1   0   0  -2  -1  -1   22   3   5   8   1   5   6   9   1   3   6   9   1   2   3   6   4   0   2   4  0.11 0.10
  119 L     0  -1  -1   1  -2   0  -1  -1  -1   0   3  -1   0   0   0  -1   0   1  -1   0    7   2   3   8   1   4   5   4   1   6  29   3   2   3   5   5   5   2   2   5  0.10 0.10
  120 N    -2  -1   7   1  -3  -2  -1  -1  -1  -2  -2  -1  -1  -2  -2  -1  -1  -3  -2  -2    4   3  47   6   1   2   4   5   1   2   4   3   2   2   2   3   3   0   2   3  0.86 0.39
  121 P     0  -1   0  -1  -3  -1   0  -1  -1  -1  -2   0  -2  -2   6   0  -1  -1  -3  -2    7   3   5   4   1   3   5   5   1   3   4   5   1   2  37   6   3   1   1   3  0.64 0.31
  122 G     0  -1   0   1  -1   0   0   3   0  -1  -1   0  -1  -1   0   0   0  -1  -1  -1    6   3   5  10   1   3   8  23   2   3   6   5   1   2   4   5   5   1   2   4  0.14 0.08
  123 L     0  -1  -1  -1  -1  -1  -1  -1  -1   1   1  -1   1   0  -1  -1   0   1  -1   2    9   3   4   3   1   3   4   4   1   6  18   4   3   4   3   4   5   2   2  17  0.06 0.05
  124 K     0   0   1   1  -1   0   0   1  -1  -2  -2   2  -1  -2   0   1   0  -4  -2  -2    9   5   6   8   1   3   7  10   2   2   3  13   1   1   5  12   7   0   1   3  0.14 0.14
  125 L    -2  -3  -1  -1   1  -2  -3   1  -1  -2   3  -2  -1   0  -2   0  -2   6  -1  -2    4   1   3   4   3   1   2   9   2   2  31   2   2   4   3   8   2  12   2   2  0.48 0.37
  126 P     0  -1  -2  -1  -6  -1  -2  -2  -1  -2  -3   0  -1  -3   7  -2  -2   0  -2  -2    8   3   2   3   0   3   2   3   2   3   2   5   1   2  48   3   3   1   2   3  1.01 0.66
  127 S     1  -1   2   4   0  -1   0  -1   1  -2  -2   0  -1  -2  -1   1  -1   1  -1  -2   10   3  11  22   2   3   5   5   4   2   3   5   2   2   3   9   4   2   3   2  0.26 0.25
  128 Q     0   1   0   0  -3   1   1   0   1  -1  -1   1   0  -1  -1   0   0   2   0  -1    6   9   3   6   0   7   8   6   4   4   6   8   3   3   3   5   8   3   4   4  0.06 0.08
  129 N     0   0   0   0  -2   1   0   0   1   0  -1   0   1   0   1   0   0  -2   1   0    6   6   5   6   0   5   6   6   5   6   6   6   5   5   6   6   6   0   5   6  0.03 0.06
  130 I    -3  -2  -2  -3  -5  -2  -3  -2  -1   6   0  -1   1  -1  -2  -3  -1  -6  -1   0    2   2   2   2   0   2   2   4   2  49   8   4   3   3   2   2   4   0   2   6  0.77 0.52
  131 A     0   0   0  -1   0   1   0  -1   0   1  -1   1   0  -1  -1   0   2   0  -1   1    5   4   4   2   2   7   4   3   3   8   4   9   2   3   3   6  16   2   2  11  0.08 0.14
  132 V    -1  -1  -7  -7  -3  -4  -4  -3  -4   1   3  -5   0   0   3  -4  -1  -2  -4   4    6   3   0   0   1   1   1   2   1   8  25   1   2   3  13   1   3   1   1  29  0.68 0.47
  133 V    -2  -4  -5  -5   1  -3  -5  -1  -1   2  -1  -6   0   3  -4  -2  -3  -1   5   4    4   1   1   1   3   1   1   5   1   9   5   0   2  13   1   3   2   1  20  27  0.79 0.51
  134 R     0  -1  -2  -2  -2  -2  -4   3   4  -1  -2  -2  -2   2  -3   1  -1  -1   3   0    7   4   1   2   1   2   1  22   9   4   3   2   1   9   1  10   3   1  10   7  0.36 0.31
  135 R    -2   6  -1   1  -2  -1  -4  -2  -2  -2  -3  -2  -3  -3   4  -2  -3  -2  -1  -3    4  40   3   9   1   3   1   3   1   2   3   2   1   1  17   4   1   1   3   2  0.92 0.64
  136 A     1  -2   3   1  -3  -1  -1   1  -1  -3  -3  -2  -3  -4   1   3   1  -1  -3  -2   10   2  14   9   1   2   4  12   1   1   2   2   1   1   8  19   7   1   1   3  0.32 0.29
  137 N     0  -2   0   4  -5   0   0  -1  -2  -2  -3  -2  -2  -3   2   1   1  -5  -2  -2    7   2   4  26   0   4   7   5   1   2   3   3   1   1   9  11  10   0   1   3  0.40 0.33
  138 G     0  -1   2   2  -4  -1   0   2  -2  -3  -3   1  -2  -3  -1   1   0  -1  -2  -1    8   4  10  12   0   3   6  19   1   1   2   8   1   1   4   9   7   1   1   4  0.24 0.22
  139 S    -1  -3  -1  -1  -2  -3  -2  -2   2  -5  -3  -4  -1  -4  -4   6   0  -8  -2  -4    4   1   3   3   1   1   2   3   5   1   3   1   2   1   1  60   5   0   1   1  1.20 0.82
  140 G     0  -5  -3   1  -3  -4  -4   6  -2  -4  -6  -4  -7  -5  -3   2  -1  -2  -5  -2    6   1   1   7   1   1   1  54   1   1   1   1   0   1   2  14   3   1   1   3  1.16 0.72
  141 T     0  -5  -3  -2  -6  -3  -3  -2  -4   0  -2  -5   0  -1  -3   0   6  -2  -1   0    7   1   1   2   0   1   2   3   1   6   4   1   2   3   1   7  50   1   2   6  0.94 0.67
  142 S     0   2  -1  -4  -6  -2  -3  -2  -2  -3  -2  -3  -2   2  -3   0   5  -3   3   0    7  12   3   1   0   2   2   3   1   2   3   1   1   7   2   6  32   0   9   7  0.59 0.46
  143 F     0   1   0   3  -6   1   2   0   0  -3  -3  -1  -2   1  -4   0  -1  -1   1  -1    8   7   3  18   0   5  15   7   2   1   3   3   1   7   1   6   4   1   4   4  0.28 0.26
  144 V     1  -2   2  -4  -4  -1  -4  -4  -3   1   0  -4   1   3  -4  -1   0  -1   4   2   11   2   9   1   0   3   1   1   0   8  10   1   3  10   1   4   6   1  14  15  0.43 0.33
  145 F    -3  -5  -6 -10  -3  -4 -10  -7  -9  -2   2  -9   1   8  -7  -6  -6   2  -3   0    3   1   1   0   1   1   0   0   0   3  17   0   4  60   0   1   1   2   1   6  2.05 1.02
  146 T    -1   0   0  -1  -3   1   1  -4  -3  -2  -3   1   0  -2  -4   0   5   0  -2   0    5   6   4   3   1   7   9   1   1   2   3   8   2   2   1   7  27   1   1   7  0.44 0.37
  147 S    -2   1   2   2  -2   2   4  -4  -1  -3  -3   2  -2  -3  -5   0  -1  -9  -1  -4    4   8   9  10   1   7  24   2   2   2   3  11   1   2   1   8   4   0   2   1  0.50 0.39
  148 Y     1  -1   0  -3  -3  -2  -2  -4   3  -2   1   0   1   1  -3   0  -2   4   5  -2   10   4   4   2   1   2   3   2   5   2  11   6   3   5   2   6   2   5  20   3  0.44 0.31
  149 L     0  -3  -3  -5  -2  -4  -3  -4  -3   3   4  -4   3  -2  -9  -4  -4  -9  -3   3    9   2   2   1   1   1   2   2   1  14  36   1   5   2   0   2   1   0   1  17  0.83 0.48
  150 A     0  -3   1  -2   0  -2  -3  -1   0  -1   3  -2   4   0  -4   2  -1  -2  -2  -1    9   1   6   3   2   2   2   4   2   3  26   3   8   3   1  14   3   1   1   4  0.34 0.26
  151 K     1   0   0   1   2   1   0   0   1  -2  -2   1   0  -1  -2   0  -1   1   0  -2   13   5   4   8   4   5   7   7   3   3   4  10   2   3   2   8   4   2   3   3  0.10 0.10
  152 V     1  -1   0   0   0   0   0   1   1  -1  -2   1   0   0  -1   0   0   1   0   1   11   4   4   6   2   5   7   9   3   4   3   9   2   4   3   6   6   2   3   9  0.05 0.06
  153 N     0  -2   1   0   2  -1  -2   3   0  -2  -3  -1  -1  -1  -2   2  -1   1  -1  -1    8   2   7   5   4   3   3  21   2   3   3   4   2   2   2  16   3   2   2   4  0.28 0.23
  154 E     0  -2  -1   2   0   0   1  -1  -1  -3  -4   1   0  -3   5  -1  -1  -8  -2  -3    7   3   4   9   2   4   9   6   2   2   2  10   3   1  23   5   4   0   1   2  0.42 0.35
  155 E     1  -1   0   2  -1   1   2   0  -1  -2  -2   0  -1  -2  -1   0   0   0  -1  -2   11   4   5  10   1   5  15   7   2   3   4   6   2   2   4   7   5   1   2   3  0.14 0.13
  156 W    -1  -3  -1  -1  -7  -3  -2  -3  -1  -1  -1  -2   0   5  -2  -1  -2   9   0  -2    5   2   4   4   0   1   3   3   1   4   6   2   2  18   3   5   3  27   3   3  1.12 0.61
  157 K     1   1   1   0  -2  -1  -1   1  -1  -3  -4   3  -2  -3   1   0   1   0  -3  -3   10   7   6   5   1   3   5  10   2   2   2  16   1   1   8   8   9   1   1   2  0.22 0.20
  158 N     2  -2   1   1   1   0   1  -1   0  -3  -3   0   0  -1   0   1   0   1   0  -2   14   3   7   8   3   4   8   5   2   2   3   6   2   2   6  11   5   2   4   3  0.14 0.14
  159 N     0   0   0   0  -1   0   0   0   0   0   0   1   1  -1  -1   0   1  -1   0   0    7   5   5   5   1   5   6   7   2   5  11  10   4   2   2   6   8   1   3   6  0.03 0.03
  160 V    -1  -2  -2  -2   6  -1  -1  -3  -2   1   0  -2   0   0  -1  -2  -2  -1   1   3    6   2   3   3  13   2   4   3   1   7   8   3   2   4   4   4   3   1   5  21  0.38 0.19
  161 G    -1  -2   1   0  -2  -1  -2   4   2  -1  -1  -1   0  -3  -2   1   0  -2  -2  -1    5   3   6   5   1   3   2  26   5   4   6   4   2   1   2  12   7   1   1   4  0.31 0.21
  162 T     1   3  -1  -1   2   0  -1  -2  -1  -2  -3   0  -1   1  -1   0   2   0   0   0   11  15   3   4   5   4   4   4   1   2   3   5   2   5   3   7  11   1   4   6  0.19 0.16
  163 G    -1   0   0   0  -3   0   0  -1   2   0  -1   0   1   0   0   0   0   3   1   0    5   5   5   5   0   5   5   5   5   5   5   5   5   5   5   5   5   5   5   5  0.06 0.08
  164 S    -1   0   0   0   2   0   0  -1   2   0  -1   0   2   1   0  -1   0   4   1  -1    5   5   5   5   5   5   5   5   5   5   5   5   5   5   5   5   5   5   5   5  0.09 0.08
  165 T     0   0   1   2  -3   0   0   0   0  -1  -1   0   0  -1  -1   1   1   1   0  -1    9   5   6  13   0   3   4   8   2   3   5   4   2   3   3  14   9   2   3   4  0.11 0.14
  166 V    -1  -1   0   0  -3  -1   0   1   0   0  -1   0   0  -1   1   1   0  -3  -1   2    5   3   3   6   0   3   6  11   2   6   6   5   2   3   6  10   4   0   3  17  0.06 0.10
  167 K     0   0   1   0  -1   1   0   0   0  -1  -1   0   0  -1   0   0   1  -1  -1   0   10   5   9   6   1   5   6   5   2   2   5   7   3   3   5   8   9   1   2   6  0.06 0.07
  168 W    -1  -2  -1  -1  -1  -2  -2  -2  -3  -2  -1  -2   0   3  -1  -1  -1   9   3  -1    5   2   3   4   1   2   2   3   1   3   5   2   2  12   4   5   4  27   9   4  0.89 0.45
  169 P    -1  -2   0  -2  -5   0  -2   0  -1  -1  -3  -1  -2  -3   6   0   0  -5  -2   0    5   2   4   2   0   4   3   7   1   4   3   4   1   1  38   6   6   0   2   7  0.67 0.48
  170 I     1   0   1   2  -1  -1   0   0  -1   0  -1   0  -1  -1   0   0   0  -3  -1   1   11   5   7  11   1   3   4   7   1   4   5   5   1   3   4   5   6   0   2  12  0.05 0.07
  171 G     0   0   0   0  -1   0  -1   1   0   0  -1   0   0   0  -1   0   0   1   2   0    8   6   4   4   2   4   4  11   2   4   5   4   2   4   3   7   6   2   9   9  0.04 0.05
  172 L     0  -1   1   0   1   1   1  -2   0   0  -1   0   0  -1  -1   0   1  -3   0   1    5   3   6   5   4   7  12   3   2   6   7   4   3   3   2   6   8   0   3  10  0.06 0.10
  173 G     1   0   0  -1  -3   1   1   2   0   0  -1  -1   0  -1  -1   0   0   1   0   0   11   4   4   3   0   5  11  15   2   6   4   3   2   3   3   6   5   2   3   6  0.07 0.09
  174 G     2  -1  -1   0   0   1  -1   1   0  -1  -1  -1   0   0   0   0   0   1   0   0   18   3   3   4   2   6   3  12   3   2   7   3   2   3   4   7   4   2   3   8  0.07 0.11
  175 K     0   0   0   0   2   0   0  -1   1   0  -1   0   1   0   0   0   0  -2   1   0    5   5   5   5   5   5   5   5   5   5   5   5   5   5   5   5   5   0   5   5  0.03 0.05
  176 G     0  -3   2   3  -2   0  -1   4  -1  -4  -4  -2  -3  -3  -2   1   1  -2  -3  -3    6   1   8  16   1   3   3  27   2   1   2   3   1   1   3  12   7   1   1   2  0.47 0.37
  177 N    -1  -2   4   3  -6  -2  -1  -3  -1  -3  -3  -3   0  -3  -1   2   2  -6   0  -2    5   2  20  16   0   2   3   2   1   2   3   1   2   1   3  15  14   0   4   3  0.51 0.42
  178 D     1  -2   3   2  -5   1   2   0  -1  -3  -3  -2  -2  -2   0   2   1  -6  -2  -2   12   2  12  10   0   5  12   6   1   2   3   2   1   2   4  13  10   0   1   2  0.26 0.27
  179 G     0  -2   0   2  -5   0   2   3  -1  -3  -1  -2  -1  -3  -2   0   0  -6  -3   0    9   2   5  10   0   5  12  25   1   2   6   2   1   1   2   5   5   0   1   6  0.30 0.28
  180 I     0  -1  -4  -5  -2  -3  -3  -4  -3   3   1  -4   3  -2  -3  -3   0  -2  -3   5    7   4   1   1   1   1   2   1   1  12  15   1   7   1   2   2   6   1   1  34  0.64 0.43
  181 A     2  -2  -1  -2  -4  -1  -2  -2  -1   1   0  -2   1  -1  -2   0   0   1  -1   3   20   3   2   2   0   2   2   3   2   9   9   2   4   2   2   6   6   2   2  19  0.19 0.21
  182 A     2   1   1   1  -4   3   0   0   0  -2  -2   0  -1  -1  -1   0   0   1   0  -2   17   6   6   7   0  13   5   6   2   2   3   4   2   2   2   8   6   2   3   3  0.16 0.21
  183 F     2   0  -1  -1   0   1  -1   0   0  -1  -1   0   0   1  -1   0   0   2   1  -1   18   4   3   3   2   6   4   6   2   3   6   6   2   7   2   5   7   3   6   4  0.07 0.12
  184 V    -2  -4  -4  -7  -2  -6  -6  -6  -5   3   3  -5   1  -4  -4  -4  -2  -7  -4   6    3   1   1   0   1   0   0   1   0  15  22   1   3   1   1   1   2   0   0  47  1.19 0.67
  185 Q     3   0   0  -1  -5   2   0  -1  -2  -2  -2   2  -1  -2  -2   1   0  -5  -2  -2   21   5   4   3   0  10   5   4   1   2   4  14   1   2   2  12   6   0   1   3  0.25 0.27
  186 R     2   1   2   0  -5   3   0   1  -3  -4  -4   0  -3  -4  -4   2   0  -6  -4  -3   16   7  10   6   0  13   7  10   0   1   1   6   1   1   1  14   4   0   1   1  0.38 0.35
  187 L    -1  -3   4   2  -6  -1  -2  -1   0  -1  -3  -3  -3  -4  -4   1   4  -4  -3  -2    4   1  17  13   0   2   3   5   2   4   3   2   1   1   0   8  29   0   1   3  0.60 0.47
  188 P    -1   0  -1   1  -7   0   1  -4  -3  -2  -3   2  -4  -5   6  -1   0  -4  -5  -2    4   5   4   7   0   3  10   2   1   2   3  10   0   0  34   4   6   0   0   4  0.69 0.50
  189 G    -2  -4   4  -1  -4  -3  -3   5  -1  -6  -5  -4  -4   0  -4  -2  -3  -2   4  -6    3   1  18   4   0   1   1  41   2   0   1   1   0   4   1   3   2   1  15   0  1.07 0.66
  190 A     5  -3  -4  -6  -1  -6  -5   2  -4  -4  -4  -5  -2  -5  -6   3   1  -8  -4  -3   42   1   0   0   1   0   0  16   1   1   2   0   1   0   0  23   8   0   1   2  1.04 0.70
  191 I    -6  -6  -9  -9  -7  -8  -9  -9  -4   7   2  -8   2   2  -9  -6  -5  -8  -3   1    1   0   0   0   0   0   0   0   0  58  18   0   5   8   0   0   1   0   1   8  1.80 0.88
  192 G     1  -8  -4  -7  -3  -7  -7   6  -7  -5  -7  -7  -8  -5  -7  -1   1  -3  -1  -4   12   0   1   0   1   0   0  65   0   1   1   0   0   0   0   6  10   0   2   1  1.68 0.91
  193 Y    -6  -8  -8  -9  -4  -6  -6  -7  -4   1  -2  -8  -2   4  -5  -6  -6   2   9   1    1   0   0   0   0   0   0   0   0   9   4   0   1  15   1   0   1   2  56   8  2.14 1.06
  194 V     2  -6  -2  -2  -2  -5  -4  -2  -3   1   0  -5   1   4  -4   0   0   3  -2   3   15   0   2   2   1   0   0   3   0   8   9   0   4  15   1   7   5   4   1  22  0.47 0.36
  195 E    -2  -3  -1   2  -6  -2   3   4  -3  -4  -3  -4  -3  -5  -1   2  -1  -3  -5  -3    3   2   3  11   0   2  21  28   1   1   2   0   1   1   3  13   5   0   0   2  0.61 0.46
  196 Y     1  -3  -2  -3  -5  -2  -3  -4   0   0   2  -3   0   2   0   0  -2   3   5   0   11   1   2   1   0   2   1   1   2   5  18   1   2   9   5   6   3   3  20   6  0.44 0.34
  197 A     3  -2   1   0  -6  -3  -2   3  -2  -4  -5  -4  -3  -1   0   4  -1  -2  -1  -3   20   2   6   6   0   1   2  18   1   1   1   1   1   2   5  25   3   1   2   2  0.52 0.45
  198 Y    -1  -3  -2   0 -10   0  -1  -3   1  -4  -5  -3  -3   4  -4  -2  -3   4   7  -4    6   2   2   5   0   4   4   2   3   1   2   2   1  17   2   3   2   4  36   2  1.20 0.71
  199 A     4  -3  -4  -4  -3  -3  -4  -3  -2   2   1  -2  -1  -1  -3  -3  -1   1   3   2   31   2   1   1   1   2   1   3   1   9  11   3   1   2   2   2   4   2   9  12  0.57 0.37
  200 K     0   0   0   0  -2   0   1  -2  -1   0   0   1  -1  -1  -2   0   1   1   0   1    8   5   5   5   1   5   9   3   2   5  10  11   2   3   2   6   8   2   4   8  0.06 0.07
  201 Q     0   0   1   1  -5   3   1   0  -1  -3  -2   1  -1  -3   0   0   0   0  -2  -2    9   5   7   7   0  11  10   8   1   2   5   7   1   1   5   6   6   1   1   3  0.16 0.16
  202 N     0   0   5  -1   2  -1  -2  -1   0  -4  -2   0  -2  -2   0   1   0  -2  -1  -3    9   5  24   3   4   3   3   5   2   1   4   5   1   2   5  10   6   1   3   2  0.40 0.30
  203 N    -2   0   2   1  -6   0  -1   3   0  -3  -3   3  -1  -3  -3   0   0  -2  -2  -3    4   6   9   7   0   4   5  21   3   2   3  14   1   1   2   8   5   1   1   3  0.36 0.27
  204 L    -2  -5  -4  -5  -3  -4  -4  -3  -3   3   4  -5   2  -1  -4  -5  -3  -2  -2   3    4   1   1   1   1   1   2   2   1  12  40   1   4   3   1   1   2   1   1  20  0.90 0.50
  205 A    -1   3   0  -3  -7   2  -3   0   1  -4  -3   4  -2  -4   1   0   0  -1  -1  -2    6  12   5   2   0   8   2   8   3   1   3  20   1   1   8   7   6   1   2   3  0.38 0.31
  206 Y     2  -1  -2  -4  -3  -2  -2  -1  -1   0  -1  -3   2  -1   1  -1   1   0   2   2   15   3   2   1   1   2   4   5   2   5   7   2   4   3   7   4  10   1   7  14  0.21 0.19
  207 T     5  -5  -5 -10  -4  -5  -6  -3  -3   1   2  -6   1  -4  -5  -2  -1 -10  -3   3   38   1   1   0   0   1   1   2   1   6  16   0   3   1   1   3   4   0   1  19  0.97 0.59
  208 K     2   1   0  -2  -4   1  -2  -2  -2  -3  -2   1   0  -3   2   2   0  -1  -2  -3   19   7   4   3   0   6   3   3   1   2   5  10   2   1  10  15   5   1   2   2  0.28 0.27
  209 L    -5  -4  -6  -6  -9 -10 -10  -7  -4   5   4  -5   4  -4  -5  -5  -5 -10  -3   4    1   1   1   1   0   0   0   1   1  27  32   1   8   1   1   1   1   0   1  22  1.36 0.70
  210 I     0   0   0   1  -2   2   0  -1  -2   0  -1   2  -1  -3  -2   0  -1  -2  -1   0    8   5   5   9   1   9   7   5   1   6   5  14   1   1   2   6   4   1   3   8  0.14 0.12
  211 S    -2   0   6   0  -3  -2  -2  -1  -2  -3  -3  -1  -2  -1  -2  -1   1  -2  -3   0    5   5  36   6   1   2   3   5   1   2   3   5   1   3   3   5   7   1   1   7  0.68 0.37
  212 A     1   1  -1   0  -2   0   0   1  -1  -2  -2   3  -2  -2   0   0  -1  -2  -2  -1   13   8   3   5   1   4   6  11   2   2   4  15   1   2   5   8   4   1   2   4  0.16 0.12
  213 D     3  -2   0   2  -2  -2   1   1  -2  -2  -3  -1  -3  -2   0   1  -1  -2  -2  -2   23   3   5  11   1   2   8  10   1   2   4   5   1   2   5  10   4   1   1   3  0.26 0.18
  214 G    -1  -2   0   1  -2  -2   0   6  -3  -4  -4  -2  -2  -3  -3  -1  -2  -5  -3  -4    5   2   4   9   1   2   6  49   1   1   2   3   1   1   2   5   3   0   1   2  0.94 0.47
  215 K     0  -1   4   2   1   1   1   0  -1  -4  -4   2  -3  -2   2  -1   0  -3  -1  -3    8   4  15   9   2   5   9   6   1   1   2  10   1   2   9   5   6   0   2   3  0.29 0.24
  216 P     0  -2  -2  -3   0  -2  -3   1  -2  -2  -1  -2  -2   5   0  -1  -1   2   4  -1    7   2   2   2   2   2   2  11   1   3   6   3   1  21   5   5   4   3  12   5  0.45 0.25
  217 V    -2  -4  -4  -5  -4  -4  -5  -7  -3   3  -2  -5  -3  -2  -3  -5  -1   1   1   6    4   1   1   1   0   1   1   1   1  12   5   1   1   2   2   1   4   2   5  54  1.32 0.71
  218 S     2  -1  -2  -1  -4   1   3  -3  -3  -2   0   2  -1  -2   0   0   0  -4  -2  -2   16   3   2   3   0   7  17   3   1   2   8  10   1   2   6   7   6   0   1   3  0.25 0.24
  219 P    -1   0   0   0   2   0   0  -1   2   0  -1   0   2   1   0  -1   0   4   1  -1    5   5   5   5   5   5   5   5   5   5   5   5   5   5   5   5   5   5   5   5  0.09 0.08
  220 T    -1  -3   1   0   0  -1  -1  -2  -1  -2  -3  -2   0  -2  -1   3   4   1   0  -3    6   2   7   5   2   3   4   4   2   3   3   3   2   2   3  22  21   2   4   2  0.42 0.36
  221 E     1   0  -1   1  -5   1   0  -2   0   0  -1  -1   0   0   2  -1   0   1   1   0   12   5   3   7   0   6   6   3   2   6   6   3   2   4  11   5   6   2   4   6  0.11 0.12
  222 E     0   0   0   0  -2   1   0   0   1   0  -1   0   1   0   1   0   0  -2   1   0    6   6   5   6   0   5   6   6   5   6   6   6   5   5   6   6   6   0   5   6  0.03 0.06
  223 N     0  -2   3   0   1  -1  -1  -1   1  -2  -2  -1   0  -1  -1   2   2   2   1  -2    9   3  12   5   2   3   3   4   3   3   4   3   3   3   4  13  13   2   5   3  0.20 0.19
  224 F     1  -2  -2  -2   0  -2  -3  -1   0   4  -1  -3   0   3  -1  -2  -1   1  -1   2   12   2   2   2   2   2   2   4   2  20   7   2   2   9   3   3   3   2   2  15  0.34 0.21
  225 A     1   0   0   0  -1   2  -1   0  -1  -1  -2   0   0  -2  -1   1   0   0  -1   0   14   4   4   5   1   9   4   8   1   4   5   6   2   2   3   9   7   1   3   7  0.08 0.10
  226 N     3  -1   0   0  -4   0   0  -2  -1  -1  -2   2  -1  -2   1   0   0  -5  -2  -1   26   3   5   4   0   3   6   3   2   4   4  11   1   2   7   7   5   0   1   5  0.22 0.23
  227 A     5  -5  -2   0  -2  -2  -1   0  -2  -3  -4  -3  -2  -2  -3   0   0  -2  -3  -1   50   0   2   5   1   2   4   6   1   2   2   2   1   2   2   7   6   1   1   5  0.78 0.54
  228 A     1  -2  -1  -1   2  -1  -2  -1   0   1   2  -2   3   0  -2  -2  -1   2   0   1   13   3   3   3   4   3   3   5   2   9  17   3   6   4   3   3   4   2   3   8  0.13 0.10
  229 K     1   1   0   1   7  -1   0  -1   1  -2  -2  -1   1  -6  -1  -1  -1  -6   0  -2   11   6   4   8  18   3   7   6   3   3   4   4   3   0   3   5   4   0   3   4  0.41 0.27
  230 G     1  -2   1   2   0   0   0   1   0  -2  -3  -1  -1  -2   2   0   0   1  -1  -2   13   3   6  11   2   4   5  10   2   2   3   4   2   2  12   7   5   2   2   3  0.18 0.17
  231 A     3  -2   0   0  -5   1  -1  -1   0  -1  -1   0   1   1  -2   0  -1   0   1   0   25   3   4   5   0   6   4   5   2   3   6   5   3   5   2   8   3   1   5   6  0.21 0.18
  232 D    -1   0   0   0  -3   0   0  -1   2   0  -1   0   1   0   0   0   0   3   1   0    5   5   5   5   0   5   5   5   5   5   5   5   5   5   5   5   5   5   5   5  0.06 0.08
  233 W    -1   0   0   0   2   0   0  -1   2   0  -1   0   2   1   0  -1   0   4   1  -1    5   5   5   5   5   5   5   5   5   5   5   5   5   5   5   5   5   5   5   5  0.09 0.08
  234 S     0   0   1   1  -3   0   0  -1   1   0  -1   0   0   0   0   1   0   2   1  -1    9   5   8   7   0   4   5   4   3   5   4   6   3   3   5   9   6   3   6   5  0.06 0.08
  235 K     0   0   1   0  -3   1   1   0   1  -1  -1   0   0  -1   1   0   0   2   0  -1    6   5   6   6   0   6   9   7   4   4   4   7   3   3   8   8   5   3   3   4  0.07 0.08
  236 T     0   0   1   2  -2   0   0   1   0  -1  -1   0   0  -2   0   0   0   1   0  -1    6   4   7  12   1   4   5  12   3   3   5   5   2   1   4   8   6   2   3   5  0.08 0.06
  237 F    -1   0   0   0  -3   0   0  -1   2   0  -1   0   1   0   0   0   0   3   1   0    5   5   5   5   0   5   5   5   5   5   5   5   5   5   5   5   5   5   5   5  0.06 0.08
  238 A     1   1   1   0  -1  -1  -1   0  -1  -1  -1   0  -1  -1  -2   0   2  -2   3   0   10   9   7   6   1   2   3   8   1   3   5   4   1   2   2   7  11   1  10   6  0.11 0.11
  239 Q     1   0  -2  -2  -2   0  -1  -1   0   2   1  -1   0   0  -2   0   0  -1  -1   2   10   5   2   2   1   5   3   5   2  12  14   3   1   3   2   6   5   1   2  16  0.10 0.09
  240 D     0  -1   0   2  -2  -1   0  -1  -1   0  -1  -1  -1   0   0   1   0   0  -1   0    6   3   4  13   1   2   7   5   1   6   7   3   2   5   4  13   6   1   2   8  0.06 0.06
  241 L    -2  -2   2   0  -1  -1  -2  -3   0   2   2  -2   1   1  -2  -1  -1  -2  -1   1    3   2  11   7   1   3   2   2   2  14  23   2   3   5   2   4   4   0   2   9  0.23 0.18
  242 T    -1   0   0  -2  -2  -1  -3  -2   1   1   1  -2   0   0   0  -1   2  -1   4   1    6   6   5   2   1   2   1   4   3   7  13   1   2   4   5   3  13   1  13  10  0.18 0.17
  243 N     0  -1   3   4  -4  -1   1  -1  -2  -3  -2   0  -3  -2  -2   0   0   0   0  -2    7   2  16  20   0   3   9   5   1   1   3   5   1   2   2   6   6   1   3   3  0.34 0.25
  244 Q     3  -2  -1  -1  -3   1  -1   0   0  -3  -1  -1   1  -4   2   0   1  -2  -2  -1   21   2   3   3   1   7   4   9   2   1   6   3   3   1  11   7  11   0   1   4  0.23 0.23
  245 K     1  -2   0   0  -2  -1   0  -1   0  -1  -2   0  -2   2   4  -1   1  -2  -2  -1   13   2   4   5   1   3   7   5   2   4   4   5   1   9  19   5   7   0   1   5  0.22 0.20
  246 G     2   0  -1  -1  -2   0   0   3  -1  -1  -2   0  -2  -1  -1   1  -1   1  -1  -2   15   5   2   4   1   4   7  22   1   4   4   5   1   3   2  10   3   2   2   3  0.18 0.17
  247 E     1   0   2   2  -5  -1   1  -2  -2  -2  -3   0  -2  -2   1   2   1  -2  -3  -3   14   4   8  13   0   3   8   3   1   3   3   6   1   2   8  14   7   1   1   2  0.25 0.25
  248 D    -1   0   1   2  -6  -1  -1   5  -2  -4  -4  -1  -3  -3  -1  -1  -1  -7  -3  -2    5   5   7   9   0   3   5  41   1   1   1   4   1   1   3   5   3   0   1   3  0.64 0.43
  249 A     3   0  -1   0  -1  -1   0  -1  -2  -3  -2   1  -1  -3  -3   3   1  -6  -3  -1   20   6   3   5   1   3   6   5   1   1   4   7   1   1   1  21  10   0   1   4  0.30 0.29
  250 W    -5 -10  -4  -3 -10  -9  -5 -11  -2  -3  -9 -10  -9   0 -11  -3  -5   7   9  -5    1   0   1   2   0   0   1   0   1   2   0   0   0   3   0   3   1  15  70   1  3.08 1.43
  251 P    -5  -4  -4  -5 -10  -4  -4  -3  -9  -6  -6  -4  -4  -2   8  -2  -3 -10 -10  -3    1   1   1   1   0   1   1   2   0   1   1   2   1   2  77   3   2   0   0   2  2.47 1.28
  252 I    -3  -3  -5  -4  -6  -7  -7  -4  -3   4   4  -4   3   2  -5  -5  -3   1   0   1    3   1   1   1   0   0   0   2   1  22  38   1   5   8   1   1   2   2   3   8  0.92 0.50
  253 T     2  -1  -3  -4   0  -2  -2  -2  -2  -1  -2  -2  -2  -3   0   3   2   2  -3   2   18   3   1   1   2   1   3   3   1   3   3   2   1   1   5  18  14   3   1  15  0.36 0.32
  254 S     0   5   0  -3  -3  -2  -3   0  -2  -3   0  -2   0  -2  -1  -1   1  -2   0  -3    7  35   4   2   1   1   2   8   1   2  11   2   2   2   4   5   7   1   3   2  0.56 0.41
  255 T     1  -1  -2  -1  -3  -3  -2  -3  -3   0  -1  -3  -1   2   4  -2   0   0   2   1   11   4   2   4   1   1   2   2   1   6   5   1   2   7  23   3   7   1   8  10  0.40 0.31
  256 T    -2  -1  -2  -2  -3  -3   0  -2  -1   1   3  -5   0   0  -3   1   3  -2  -1   0    3   3   2   2   1   1   8   3   1   7  28   0   2   4   1  10  15   1   3   6  0.33 0.29
  257 F    -4  -5   0  -3  -2  -3  -6  -4   2  -2  -4  -3   0   5  -6  -3  -3   5   7  -3    1   1   4   2   1   1   1   2   4   2   2   2   2  22   1   3   2   7  39   2  1.53 0.80
  258 I     2  -5  -4  -3  -1  -2  -1  -4  -2   3   1  -5   2   2  -6  -2  -1   1   0   2   15   0   1   1   1   2   4   2   1  19  13   0   5   8   0   3   5   2   3  15  0.44 0.30
  259 L    -2  -6  -3  -5  -3  -3  -6  -3  -4   4   2  -8   1  -2  -9  -5  -3  -1   7   2    3   1   2   1   1   2   1   3   1  19  18   0   4   2   0   1   2   1  29  12  1.14 0.59
  260 I     1  -5  -3  -4  -3  -3  -6  -5  -4   2   1  -6   2   0  -5  -3   2  -3   1   5   11   1   2   1   1   1   0   1   0  11  12   0   5   4   1   3  11   1   4  30  0.70 0.40
  261 H    -1   1   4  -1   5  -2  -4  -4   2  -5  -4   3  -3  -2   1   0  -2   0   3  -3    5   8  15   3  10   2   1   2   4   1   2  14   1   2   7   7   3   1  10   2  0.56 0.37
  262 K    -1   1   1   0  -3   2   0   0  -1  -3  -2   3  -3  -2  -2   0   1  -3  -4  -2    5   7   5   5   1   9   6   7   1   2   5  18   1   2   3   8   9   0   1   3  0.25 0.22
  263 D     1  -1   2   2   1   1   1  -1   0  -5  -5   2  -4  -4   0   0   1  -3  -4  -2   10   3  10  11   3   6  10   6   2   1   1  10   0   1   5   8   8   1   1   3  0.29 0.24
  264 Q     0  -1   1  -2  -5   1  -2   0   4  -3  -3  -1   0  -3   3   1  -1  -1   3  -2    8   4   6   2   0   6   3   7   8   2   4   4   2   1  17   9   5   1  10   3  0.35 0.26
  265 K     0   0   0   0  -2   0   0   1  -1  -1   0   0   0   0   1   0   0  -1   0  -1    8   4   5   5   1   4   4  10   1   4  11   6   2   3   8   8   5   1   4   4  0.04 0.04
  266 K     0  -1   1   3  -1   0   0   0  -1  -1  -1   1  -1  -1   0   0   0  -2   0  -1    7   3   8  18   1   4   5   6   2   3   5   8   2   2   4   8   5   1   4   4  0.14 0.07
  267 P     1   0  -1  -1   4   0   0   0  -1  -1  -1   1  -1  -1   2   0   0  -2  -1  -1   11   4   3   4  10   4   6   7   2   3   6   9   2   2   9   5   5   1   2   4  0.15 0.07
  268 E     2  -1   1   1  -3   1   1   0  -1  -2  -2   0  -2  -2   2   0   0  -3  -2  -2   15   4   5   8   1   6   9   7   1   3   5   6   1   2  10   7   7   0   2   3  0.13 0.10
  269 Q     0   1   0   0  -2   1   1  -3  -1  -2   0   3  -1  -3  -2  -1   2  -2  -2   1    6   6   5   6   1   7   8   2   1   2   8  18   2   1   2   3  12   1   1   8  0.20 0.17
  270 G     3   0   1   1  -4  -1  -2   1  -4   0  -3   1  -1  -3  -2   0   0  -3  -4   0   22   5   6   9   0   3   3  10   0   6   3   7   2   1   3   7   5   0   1   6  0.23 0.20
  271 T     1   0  -1   0  -7   2   1  -1  -3  -4  -4   2  -2  -6   4   0   0  -8  -5  -4   12   5   3   6   0   8   8   6   1   1   2  12   1   0  21   8   5   0   0   1  0.48 0.40
  272 E     3  -2  -2  -2  -3   0   2   1  -2  -2   2  -2  -1  -3  -3  -1  -1  -1  -3  -1   25   2   2   3   1   5  11   9   1   2  16   3   1   1   2   4   4   1   1   5  0.31 0.26
  273 V     1  -6  -6  -6  -5  -4  -1   0  -6   2   3  -7   0  -2  -3  -3   0  -5  -3   5   10   0   0   1   0   1   4   7   0   9  21   0   3   2   2   2   6   0   1  30  0.69 0.42
  274 L     2   3  -3  -4  -5   0  -1  -4  -1  -2   1   4  -2  -2  -6  -2  -1   0  -2  -1   14  14   1   1   0   5   4   2   1   3  13  23   1   2   0   3   3   1   2   5  0.48 0.34
  275 K     3   0   0   3  -6   0   3   1  -3  -7  -5   2  -5  -6  -5   0  -1  -8  -4  -5   20   4   5  14   0   4  18   9   1   0   1  10   0   0   1   8   4   0   1   1  0.56 0.43
  276 F    -5 -10 -10 -11 -10  -7  -8  -8  -9  -5   0 -10  -1   9 -11  -7  -5   3   4  -3    1   0   0   0   0   0   0   0   0   1   8   0   2  66   0   1   1   4  13   2  2.59 1.20
  277 F     0  -4  -4  -4  -1  -3  -4  -3  -2   2   3  -4   1   3  -6  -3  -2   0  -1   2    9   1   1   1   1   1   1   2   1  11  31   1   3  14   0   2   2   1   2  14  0.55 0.37
  278 D     0   0   2   2  -2   0   1  -2   1  -2  -3   1  -2  -2  -2   0   1   1   1  -3    8   6  11  10   1   5  11   3   3   3   3   9   1   2   1   6  10   2   5   2  0.18 0.19
  279 W    -3  -3  -3  -4  -7  -3  -1  -4  -1  -3  -2  -4   0   5  -4  -2  -3   9   5  -3    3   2   1   1   0   2   5   2   2   2   4   1   2  20   1   3   2  26  20   2  1.42 0.79
  280 A     1  -5  -3  -3   0  -3  -3  -2   1   2   1  -4   2   3  -2  -1   0   2   2   1   14   0   1   1   2   1   1   3   3   9  14   0   5  10   2   5   6   2   7  11  0.29 0.25
  281 Y    -1  -3  -2  -2  -4   1  -3  -3  -1   1   3  -2   2   2  -3  -2   0   0   2   1    6   1   1   3   0   6   2   2   1   7  26   2   4   8   1   3   7   1   8   9  0.27 0.24
  282 K     0  -1   1   0   1   0   0   1   0  -2  -2   0  -1  -2  -2   3   2  -1  -1  -2    6   4   6   5   3   4   7   9   2   2   3   7   2   2   2  21  12   1   2   3  0.18 0.18
  283 T     0  -1   2   2  -1   1   3  -1   1  -2  -2   0  -1  -2   0   0   0  -4  -2  -2    6   3  11  14   1   7  17   4   3   2   3   6   1   2   5   6   5   0   2   2  0.24 0.21
  284 G     2  -4  -2  -1  -1  -1  -2   6  -2  -3  -5  -3  -3  -3  -3   0  -2  -2  -3  -2   13   1   2   4   1   4   3  49   1   2   1   2   1   1   1   7   3   1   1   3  0.89 0.56
  285 A    -1   0  -1   2  -5   6   0  -1  -1  -3  -3   0  -2  -3   0  -2  -2  -1  -2  -3    6   5   3  10   0  36   5   5   2   2   3   6   1   1   5   3   3   1   1   2  0.66 0.50
  286 K    -1   0   0   0   2   0   0  -1   2   0  -1   0   2   1   0  -1   0   4   1  -1    5   5   5   5   5   5   5   5   5   5   5   5   5   5   5   5   5   5   5   5  0.09 0.08
  287 Q     0  -1  -1  -1   1   0  -1  -1   0   1   0  -1   1   0   0  -1  -1   2   2   0    9   3   3   3   3   4   5   5   3  10  11   3   4   4   5   4   4   3   8   5  0.07 0.07
  288 A     3  -3  -1  -2   0  -1  -3  -3   0   1   2  -3   1  -1  -2  -1  -1   1  -1   2   20   2   3   2   2   3   2   3   2   8  20   2   3   2   2   4   3   2   2  12  0.30 0.22
  289 N     1   0  -1   1  -1   0   2  -1   0  -1   0   1  -1  -2  -1   0   0   0  -2  -1   13   5   3   7   1   5  14   4   2   3   8   7   1   2   3   7   7   1   1   4  0.11 0.13
  290 D     1   1   0   2  -7   1   3  -2  -1  -2  -4   2  -2  -2   0   0  -1  -1  -2  -2   12   6   4  11   0   5  15   4   2   2   2  12   1   2   5   7   3   1   1   4  0.26 0.24
  291 L     1  -2   1  -1  -2  -1  -1  -2   0   0   2  -2   0   0  -2  -1   0  -5   1   1   12   3   6   4   1   3   4   3   3   4  21   3   2   4   3   5   6   0   4  10  0.14 0.12
  292 D    -4  -3  -1   1 -10  -2  -4   7   1  -5  -5  -2  -3  -4 -10  -3  -5  -1  -1  -5    2   2   3   7   0   2   2  65   3   1   2   3   1   1   0   3   1   1   2   1  1.61 0.89
  293 Y    -3  -5  -3  -5  -1  -3  -6  -6   0  -3   1  -9   0   5 -10  -2  -4  -1   8  -4    3   1   2   1   1   2   1   1   2   2  14   0   2  19   0   4   1   1  42   2  1.67 0.88
  294 A     2  -2  -5  -5  -2  -4  -5  -3  -3   3   0  -5  -1  -1  -5  -3  -2  -1   0   5   16   2   1   1   1   1   1   3   1  16   9   1   2   3   1   3   3   1   4  32  0.75 0.44
  295 S     1  -1  -5  -6 -10  -2  -5  -3  -4  -3  -4  -1  -3  -5   7  -1  -2  -2  -4  -2    9   4   1   1   0   2   1   2   1   2   3   3   1   1  58   5   3   1   1   3  1.59 0.98
  296 L     0  -5  -5  -3   2  -5  -6  -6  -4   2   5  -6   2  -3  -1  -3  -4  -3  -3   0    7   1   1   2   3   1   1   1   1   9  53   1   4   1   3   3   1   0   1   7  1.07 0.60
  297 P    -2  -1  -2   0  -9  -2  -4  -3  -3  -4  -5  -2  -3  -5   7   2   1  -2  -2  -4    4   4   2   5   0   2   1   3   1   1   1   3   1   1  46  12   8   1   2   2  1.18 0.78
  298 D     1  -1  -1   3  -5   1   2   0  -3  -3  -3   1   0  -3   1   0   0  -3  -3  -2   14   3   3  15   0   5  13   7   1   1   3   7   3   1   7   8   6   0   1   3  0.26 0.26
  299 S    -1   0   0   0  -3   0   0  -1   2   0  -1   0   1   0   0   0   0   3   1   0    5   5   5   5   0   5   5   5   5   5   5   5   5   5   5   5   5   5   5   5  0.06 0.08
  300 V     0  -1   0   0  -2   0   0  -1   1   0   1   0   1   0   0  -1   0   2   0   1    7   3   3   4   0   6   6   3   4   6  12   4   4   4   4   4   5   3   4  14  0.03 0.07
  301 V     0   3  -1  -2  -3   1  -1  -2   0   0   0   1   0  -1  -2  -1  -1   1   3   1    8  16   3   2   0   7   3   3   2   4   8   9   3   2   2   3   4   2  10  10  0.14 0.18
  302 E     1   0   0   1  -3   1   2  -1   0  -1  -2   2  -1  -2  -1   0   1   0  -1  -2   13   6   4   8   0   6  13   3   2   3   3  12   2   2   2   7   7   1   2   3  0.14 0.17
  303 Q     1   2   0  -1  -4   2   1  -3   0  -1   0   2   0  -2  -2  -1  -1  -1  -2  -2   12  12   3   4   0   9  11   2   2   3   8  16   3   1   2   4   4   1   1   3  0.20 0.23
  304 V     1  -2   0  -2  -1   0  -1  -1  -1   2   0  -2   1  -1  -4  -1   0   0  -1   2   14   2   6   2   1   6   4   3   1  12  10   1   4   3   0   4   6   1   1  19  0.15 0.19
  305 R     0   3  -2  -2  -4   1   0  -3   0   0   2   1   1  -1  -3  -1  -1  -1  -1  -1    7  16   2   1   0   8   7   1   2   4  22   8   4   2   1   5   4   1   2   4  0.21 0.24
  306 A     2   0   1   1  -4   1   2  -1  -1  -2  -2   2  -2  -3  -2   0   1  -5  -3  -2   20   5   6   9   0   6  11   3   2   2   3  13   1   1   1   6   8   0   1   3  0.25 0.27
  307 A     2   0   0  -1  -2   1  -1  -2   1  -1  -1   1   0  -2  -2   0   1  -1   0  -1   21   6   4   3   1   8   4   2   4   4   6  10   2   1   1   7   8   1   3   4  0.14 0.19
  308 W     0  -4  -4  -5  -5  -3  -4  -5  -6   3   3  -4   0   2  -4  -4  -3   6  -2   3    7   1   1   1   0   1   1   1   0  16  27   1   2  10   1   1   1  10   1  19  0.75 0.49
  309 K     1   0   2   2  -3   0   1   0   0  -2  -2   2  -2  -2  -2   0   0  -1  -1  -2   15   4  10  11   1   5   9   7   2   2   4  13   1   2   1   6   4   1   2   2  0.18 0.20
  310 T     2   1   1   0  -4   1   1  -1  -1  -2  -1   2  -1  -3  -1   1   1  -2  -3  -3   17   7   8   5   0   7   7   5   1   3   5  11   1   1   2  10   7   0   1   1  0.18 0.22
  311 N    -1  -1   0  -2  -2  -1  -1   0  -1   3   2  -1   1   0  -3  -2  -1  -2  -2   1    5   4   5   2   1   2   5   7   2  23  17   4   3   3   1   2   2   1   1   9  0.19 0.19
  312 I     0   0   0   0   2   0   0  -1   1   0  -1   0   1   0   0   0   0  -2   1   0    5   5   5   5   5   5   5   5   5   5   5   5   5   5   5   5   5   0   5   5  0.03 0.05
  313 K     0  -1   0  -1   3   0  -1   0   0  -1  -2   2   0  -1   1   0   1   2   0   0    7   4   4   4   7   3   4   8   3   3   3  12   3   3   7   8   7   3   4   6  0.12 0.12
  314 D     0   0   0   2  -1   0   0   0   0  -1  -1   0  -1  -1   0   0   0  -1   0   0    8   5   5  17   1   3   4   9   2   3   6   5   1   3   3   8   6   1   3   7  0.07 0.03
  315 S     2  -1   0   0  -2   1   0   1  -2  -2  -2   1  -2  -2   1   1   0  -3  -2  -2   19   3   4   6   0   9   3  11   1   2   3   9   1   1   8  11   6   0   1   2  0.17 0.13
  316 S     0  -3   4   4  -4   0  -1   1  -1  -4  -4  -2  -4  -5  -1   2  -2   0  -4  -4    9   0  19  28   0   4   2  10   1   1   1   1   0   0   3  17   1   1   0   0  0.58 0.33
  317 G     0  -1  -1  -3  -5  -1  -1   6  -4  -6  -6   0  -5  -6  -2  -1  -2  -5  -3  -5    7   3   3   0   0   2   3  65   0   0   0   6   0   0   2   5   2   0   1   0  1.14 0.48
  318 K    -1   0   0  -2  -5   3   1  -3  -1  -4  -4   5  -3   0   2  -1  -2  -4  -1  -1    6   2   5   1   0  14  10   0   1   0   0  37   0   4   9   3   1   0   2   4  0.54 0.32
  319 P     3  -1  -2  -3   1   1  -2  -3  -4  -1  -2   0  -3  -2   5  -1  -1  -5  -4   0   26   2   2   1   3   6   0   0   0   4   2   6   0   1  34   3   2   0   0   7  0.68 0.34
  320 L    -1  -2  -4  -3  -3  -3  -1  -2  -4   3   2  -2   0  -2   0  -2  -1  -4  -2   4    2   2   0   1   0   0   6   4   0  17  23   1   0   0   5   2   2   0   1  35  0.35 0.19
  321 Y     1   0  -3  -3  -3  -1  -2  -3  -2  -1  -1  -1  -2   2   1  -1  -1   7   4   0   16   4   0   1   0   2   2   0   0   3   4   4   0   8   6   4   4  17  19   6  0.45 0.18

                      K         Lambda
PSI Ungapped         0.1243     0.3178
PSI Gapped           0.0380     0.2670
