
Last position-specific scoring matrix computed, weighted observed percentages rounded down, information per position, and relative weight of gapless real matches to pseudocounts
           A  R  N  D  C  Q  E  G  H  I  L  K  M  F  P  S  T  W  Y  V   A   R   N   D   C   Q   E   G   H   I   L   K   M   F   P   S   T   W   Y   V
    1 M    0 -1  1  0 -4  0  0 -2 -2 -1 -2  0  7 -5  0  0  0 -3 -4 -2    9   4   6   5   0   4   6   4   1   4   4   5  25   1   5   8   6   0   1   3  0.61 0.42
    2 Q    0  0  1  0 -2  0  1 -2 -1 -1 -1  1  5 -3  1  1  0 -2 -3 -2    8   4   7   5   1   4   8   3   2   4   5   8  14   1   7   9   6   1   1   3  0.20 0.22
    3 D    0  1  1 -1 -3  0 -1 -1  1 -2 -2  2  4 -4  1  1  0 -1 -3 -2    7   7   6   4   1   5   5   5   4   2   4  12  11   1   7   9   6   1   1   3  0.23 0.21
    4 Y    0  0 -2 -2 -1  0 -2 -1  0  1 -1  1  3 -1  2  0  0  0  1 -1    9   5   2   3   1   4   3   5   2   8   7   9   7   3  10   7   5   1   4   4  0.11 0.12
    5 T   -2  3  1 -2  1  0 -2 -4  2  0  0  2 -1 -2  0  0  1  0 -1 -1    3  13   6   3   2   4   2   2   4   5  10  13   2   2   4   7  10   1   2   4  0.20 0.18
    6 V   -1 -2 -2 -6  1 -2 -3 -3 -1  5  1 -2  0 -1 -2 -2 -2  1 -1  3    4   2   2   0   2   2   2   2   2  31  11   3   2   3   2   4   2   2   2  21  0.55 0.38
    7 H   -2 -1 -2 -2  1 -1 -2 -3  0  0  4 -2  3  0 -2 -2 -2  2  0  1    4   3   3   3   3   3   3   3   2   5  33   3   7   4   3   3   3   3   3   8  0.38 0.26
    8 I   -1  0  0  0  2  0  0 -1  2  0 -1  0  2  1  0 -1  0  4  1 -1    5   5   5   5   5   5   5   5   5   5   5   5   5   5   5   5   5   5   5   5  0.09 0.08
    9 V    0 -3 -3 -4  0 -3 -4 -3  0  3 -1 -3  0 -1 -4 -2 -3  0 -1  5    9   2   2   2   2   1   2   2   2  15   7   2   2   3   1   3   2   1   2  38  0.76 0.44
   10 D   -2 -2 -1  6  0 -2  2  0  0 -3 -4 -2  0 -2 -3 -2 -2 -9 -2 -3    4   3   3  40   2   2  13   7   2   2   3   3   2   2   2   4   3   0   2   2  0.84 0.54
   11 D   -2 -2 -1  7  1 -1 -1 -2  1 -2 -3 -2  0 -1 -1 -2 -2  2 -1 -3    4   3   3  43   3   3   4   3   3   3   3   3   3   3   3   3   3   2   3   3  0.87 0.56
   12 E   -1  0  0  0  2  0  0 -1  2  0 -1  0  2  1  0 -1  0  4  1 -1    5   5   5   5   5   5   5   5   5   5   5   5   5   5   5   5   5   5   5   5  0.09 0.08
   13 E    1  0 -2 -1 -2  0  2 -4  0 -1 -2  1 -1 -1  4 -1 -2 -1 -1 -1   10   5   2   4   1   4  11   2   2   4   4   7   2   2  22   5   3   1   2   4  0.31 0.31
   14 P    0 -1  0  2 -1 -1  0 -1  0  0  0 -2  1 -1  0  1  1  0 -1  0    9   3   5  10   1   3   6   5   2   6   9   2   4   3   4   9   8   1   2   6  0.05 0.07
   15 V   -1 -2  2 -1  0 -1 -1 -3  0  3  1 -3  2  1 -2 -1 -1  0 -1  2    6   2   8   3   2   3   4   2   2  17  10   2   5   5   2   4   4   1   3  13  0.23 0.15
   16 R    0  5 -2 -3  2  0 -3 -2  0  1  1 -2  1 -1 -3 -2 -2  1 -1 -1    8  28   2   2   4   4   2   3   2   8  14   2   3   2   2   3   3   2   2   5  0.46 0.33
   17 K   -1  2  0  0  1  1  2 -2  1 -1 -1  1  2  0 -1 -1 -1  2  0 -2    6  12   4   6   3   5  11   4   3   3   6   7   4   3   3   5   5   3   3   4  0.12 0.12
   18 S   -1  0  0  0  2  0 -1 -1  2  0 -1  0  2  0  0 -1  0  4  1 -1    5   5   5   5   5   5   5   5   5   5   5   5   5   5   5   5   5   5   5   5  0.03 0.09
   19 L   -2 -4 -2 -5  0 -3 -5 -5  0  3  4 -5  2  0 -3 -4 -2  0  0  1    4   1   2   1   2   2   1   1   2  15  38   1   5   4   2   2   3   1   3   9  0.72 0.43
   20 A    1  2 -2 -1  1  1  1 -2  0 -2 -2  3  0 -2 -3  1 -1  0 -1 -1   10  12   2   3   3   6   9   4   2   3   4  14   2   2   2   9   5   1   2   5  0.18 0.17
   21 F    0  2  0  0  0  1  1 -2  1 -1 -1  1  1  0 -2  0  0  3  0 -2    7  11   5   6   2   7   8   4   3   4   6   7   4   4   2   6   5   3   3   3  0.10 0.10
   22 M    0 -1 -1 -2  2 -1 -1 -2  1  1  1 -1  2  1 -1 -1 -1  2  1  0    8   3   3   3   4   3   3   4   4   9  16   4   5   6   3   5   4   3   5   6  0.10 0.08
   23 L   -1  0  0  0  2  0  0 -1  2  0 -1  0  2  1  0 -1  0  4  1 -1    5   5   5   5   5   5   5   5   5   5   5   5   5   5   5   5   5   5   5   5  0.09 0.08
   24 T   -1  0  0  0  2  0 -1 -1  2  0 -1  0  2  0  0 -1  0  4  1 -1    5   5   5   5   5   5   5   5   5   5   5   5   5   5   5   5   5   5   5   5  0.03 0.09
   25 M    0  2  0  1 -1  1  1 -1  0 -2 -1  2  0 -1 -2  1 -2  5 -2 -3    7  11   4   7   1   6   8   5   2   2   6  10   2   2   3   9   3   7   2   2  0.21 0.18
   26 N    1  0  0  0  0  0  2 -1  2  0  0  0  1  0 -1  0 -1  1  1 -1   10   6   5   5   2   4  13   4   4   5   9   4   3   4   3   6   3   2   4   4  0.06 0.07
   27 G   -3 -2  0  1  0 -1 -1  5  0 -3 -4 -2 -1  0  0 -2 -3  0 -1 -3    3   3   5   8   2   3   5  40   2   2   2   3   1   4   5   4   2   1   2   2  0.64 0.43
   28 F   -2 -2 -2 -2  2 -2 -2 -3  3  2 -1 -2  1  4 -3 -3 -2  2  5 -1    3   3   2   2   3   2   3   3   5   9   7   2   3  16   2   2   3   3  19   5  0.57 0.36
   29 A   -1  1  0  1  1  1  2 -2  2 -1 -2  0  0 -1 -1 -1  1  1  0 -1    5   6   5   8   3   7  14   3   4   4   4   6   2   3   3   5   7   2   3   5  0.11 0.11
   30 V   -1 -2 -2 -2  2 -1 -1 -4  0  2 -1 -3  0 -1 -1 -2  0  1 -1  5    5   3   2   2   4   3   4   2   2  10   7   2   2   3   3   3   5   2   2  33  0.47 0.30
   31 K    0  0 -1  0  1  0  0 -1  1  1  0  0  0  0 -1  0  0  1  0  1    6   6   2   6   3   4   7   5   4   8   8   4   2   4   2   5   7   2   3  11  0.02 0.02
   32 M    0 -1 -1 -1  2  0  1 -1  1  0 -1 -1  0  0 -1  0  2  2  0  0    9   3   2   3   3   4   9   6   3   5   6   3   2   3   3   7  12   3   3   8  0.08 0.10
   33 H    5 -3 -3 -3  3 -2 -3 -3  0 -2 -3 -3 -1  2 -3 -2 -1  1  0  1   42   2   2   2   5   2   2   2   2   3   3   2   2   7   2   4   4   2   3   8  0.71 0.48
   34 Q    1 -1  0  1  0  0  1  0  1 -2 -2 -1 -1  0 -1  1  1 -1  0 -2   12   4   5   7   2   3  10   7   4   2   3   4   2   4   4  12   9   1   3   3  0.11 0.13
   35 S   -3 -2  5  4 -1 -2 -2 -2 -1 -5 -5 -3 -2 -4 -4  4  1 -1 -3 -5    2   2  19  21   2   2   3   4   2   1   2   2   1   1   1  23   9   1   1   1  0.81 0.57
   36 A   -1  0  0  0  2  0  0 -1  2  0 -1  0  2  1  0 -1  0  4  1 -1    5   5   5   5   5   5   5   5   5   5   5   5   5   5   5   5   5   5   5   5  0.09 0.08
   37 E    1  0  0  1  1  1  2 -1  1 -1 -1  0  0 -1  0  0  0  2  0 -1   10   6   4   7   3   6  12   4   3   4   5   6   3   3   4   5   5   2   3   5  0.07 0.08
   38 A   -1  0  0  0  2  0  0 -1  2  0 -1  0  2  1  0 -1  0  4  1 -1    5   5   5   5   5   5   5   5   5   5   5   5   5   5   5   5   5   5   5   5  0.09 0.08
   39 F    5 -2 -2 -3  0 -2 -3  1  0 -1 -1 -3  0  0 -3 -3 -2  1 -2 -1   40   3   2   2   2   2   3  10   2   4   7   2   2   4   2   2   2   2   2   5  0.58 0.40
   40 L   -1 -1 -2 -1  0 -1 -1 -3  0  1  3 -1  2  0 -2 -2 -2  3  0  0    5   4   2   4   2   3   4   2   2   8  29   4   5   4   3   3   3   3   3   6  0.28 0.20
   41 A    1  1  0  2 -1  1  3 -2  1 -2 -2  1  0 -2 -1  0 -1  0 -1 -2   12   7   4   9   2   6  16   4   3   2   5   7   2   2   3   6   4   1   2   3  0.16 0.15
   42 F    1  0 -2 -2  0  0 -1 -3  1  1  2  0  2  0 -3 -1 -1  1  0  0   11   5   2   3   2   5   4   2   3   8  18   7   5   4   2   4   3   2   3   6  0.12 0.10
   43 A    1 -2 -3 -2  1 -2 -2 -3 -1  3  3 -2  1  1 -2 -2 -2  0  0  1   11   2   2   2   3   2   3   2   1  13  27   2   4   5   2   3   3   1   4   8  0.34 0.20
   44 P    0  2  0  0 -1  2  2 -1  0 -2 -1  2 -1 -2 -2  0 -1 -1 -2 -2    9  10   4   6   1   8  12   5   2   3   7  10   2   2   3   6   4   1   2   3  0.13 0.11
   45 D   -1  0  0  0  2  0  0 -1  2  0 -1  0  2  1  0 -1  0  4  1 -1    5   5   5   5   5   5   5   5   5   5   5   5   5   5   5   5   5   5   5   5  0.09 0.08
   46 V    0  0  1  0  0  1  1  0  2 -1 -1  0 -1  0  0  0  0  1  0 -1    7   5   6   6   2   6  10   7   6   3   6   5   2   4   5   6   5   2   3   4  0.06 0.06
   47 R   -1  1  0  1  0  1  1 -1  1 -2 -2  0  0  0  1  0  0  2  0 -2    6   7   4   8   2   6   8   5   4   3   4   7   2   5   8   7   5   3   3   4  0.08 0.09
   48 N   -1 -3 -2 -2  0 -2 -3 -4 -1  1 -3 -3 -1  2  6 -3 -2  1  1  1    5   2   2   2   2   2   2   2   2   8   4   2   2   8  35   2   3   2   5   8  0.74 0.52
   49 G   -1  0  0  0  2  0  0 -1  2  0 -1  0  2  1  0 -1  0  4  1 -1    5   5   5   5   5   5   5   5   5   5   5   5   5   5   5   5   5   5   5   5  0.09 0.08
   50 V   -1 -4 -5 -6  3 -3 -6 -4 -3  3  5 -5  0  0 -5 -5 -4 -2 -2  3    5   1   1   1   5   1   1   2   1  13  39   1   2   4   1   1   1   1   2  18  0.89 0.50
   51 L    0 -6 -5 -6  0 -6 -6 -5 -3  5  1 -5  1 -2 -5 -4 -4 -2 -3  5    8   1   1   1   2   1   1   1   1  25  14   1   3   2   1   2   1   1   1  34  1.08 0.60
   52 V   -2 -5 -5 -4 -1 -4 -5 -6 -3  5  4 -5  1  2 -5 -5 -3 -1 -3  2    3   1   1   1   2   1   1   1   1  23  33   1   3   9   1   1   2   1   1  13  0.91 0.50
   53 T   -1 -4 -3 -3  2 -3 -5 -4 -2  2  4 -4  4 -2 -5  0  2 -1 -3  1    6   1   2   2   4   2   1   2   1  10  29   1   7   2   1   7  10   1   1  10  0.52 0.34
   54 D   -3 -3  0  8 -1 -2 -2 -2 -1 -4 -5 -4 -2 -3 -4 -3 -4  0 -2 -4    3   2   4  61   1   2   4   3   2   1   2   2   1   1   1   3   2   1   2   2  1.61 0.93
   55 L   -1 -3 -2 -2  0 -1 -2 -3  0  4  2 -3  3 -1 -1 -2 -1  2  0  2    6   2   2   3   2   3   3   3   2  20  15   2   6   3   3   3   3   2   3  14  0.35 0.22
   56 R   -1  1  2  0  1  1  0 -1  1 -1 -1  0  2 -1  0  0 -1  2  0 -2    4   7  10   5   3   7   6   6   3   4   6   6   4   3   4   7   4   3   4   3  0.08 0.09
   57 M   -1  0  0  0  2  0  0 -1  2  0 -1  0  2  1  0 -1  0  4  1 -1    5   5   5   5   5   5   5   5   5   5   5   5   5   5   5   5   5   5   5   5  0.09 0.08
   58 P   -1  0  0  0  1  0 -1  0  1 -1 -1 -1  0  0  4  0 -1  2  0 -2    5   6   4   6   3   5   5   7   3   3   5   4   3   3  17   7   4   3   3   4  0.17 0.17
   59 D   -1 -1  0  3 -1 -1  0  3  0 -2 -3  0 -1 -2  0 -1 -2 -1 -2 -2    5   4   5  17   2   3   7  22   2   3   3   5   2   2   4   4   3   1   2   4  0.30 0.21
   60 M   -1 -1 -1  0 -1  0  0  0  0  1  0  0  6 -1 -2 -1 -1  0 -1 -1    5   3   3   5   1   4   7   8   2   7   9   5  17   3   3   5   4   1   2   5  0.24 0.18
   61 S   -2 -2  3  5 -1 -1  1 -2 -1 -4 -4 -2 -2 -1 -3  2  0 -1 -2 -4    4   3  12  28   1   3   8   4   2   1   2   3   1   2   2  13   6   1   1   2  0.59 0.43
   62 G   -1  0  0  0  2  0  0 -1  2  0 -1  0  2  1  0 -1  0  4  1 -1    5   5   5   5   5   5   5   5   5   5   5   5   5   5   5   5   5   5   5   5  0.09 0.08
   63 V   -1  0  0  0  2  0  0 -1  2  0 -1  0  2  1  0 -1  0  4  1 -1    5   5   5   5   5   5   5   5   5   5   5   5   5   5   5   5   5   5   5   5  0.09 0.08
   64 E    0 -1 -1  2  0  2  4 -2  0 -3 -3 -1  0 -2 -2 -1  0  1  0 -2    8   3   3  11   2   8  25   4   2   2   3   5   2   2   2   5   6   2   3   3  0.35 0.30
   65 L    0 -3 -3 -3  1 -2 -3 -3 -1  0  4 -3  1  2 -3 -3  0  3 -1  2    7   2   2   2   2   2   2   2   2   6  29   2   3   8   2   2   5   4   2  13  0.41 0.27
   66 L    0 -3 -3 -4  4 -2 -4 -4 -1  3  4 -3  1  1 -3 -3 -1  0 -1  1    8   2   1   1   7   2   2   2   1  12  31   2   3   5   2   3   4   1   2   8  0.51 0.31
   67 R    0  4 -1  0 -2  2  2 -2  1 -4 -4  3 -2 -4 -2 -1 -1 -2 -3 -4    9  19   3   5   1   8  14   3   3   1   2  15   1   1   2   5   3   1   1   2  0.47 0.37
   68 N    1  3 -1 -1 -2  2  3 -4  2 -2 -1  1  0 -3 -3 -1 -1  2 -1 -3   11  12   3   3   1   9  15   2   4   3   5   9   2   2   1   5   4   3   3   2  0.29 0.26
   69 L   -1 -4 -5 -5 -1 -4 -5 -6 -3  5  4 -5  2 -1 -5 -4 -3  0 -3  2    6   1   1   1   1   1   1   1   1  26  33   1   4   3   1   2   2   1   1  10  0.90 0.50
   70 G   -1  5 -1 -3 -1  1 -3 -3  2 -2 -1  4  0 -4 -3 -2 -2 -2 -3 -2    5  28   3   2   1   6   2   2   4   3   7  20   2   1   2   4   3   1   1   3  0.66 0.45
   71 D   -1  0  0  0  2  0  0 -1  2  0 -1  0  2  1  0 -1  0  4  1 -1    5   5   5   5   5   5   5   5   5   5   5   5   5   5   5   5   5   5   5   5  0.09 0.08
   72 L   -1  2  1  1 -1  1  0 -2  2  0  0  0  1 -1 -2  0 -1  0 -1 -1    6  10   7   9   2   6   7   3   4   6  10   6   3   3   2   6   4   1   2   4  0.08 0.07
   73 K   -1  0  1  1  0  0  0  1  1 -1 -1  0  0  0  0  0  0  2  1 -1    6   5   6   9   2   4   5  10   4   3   6   5   2   4   6   5   7   3   4   3  0.05 0.05
   74 I    0  1 -1 -1  0  0 -1 -1  1 -1 -2  0  0 -1  4  0 -1  1 -1 -2    7   7   3   4   2   4   4   5   3   4   5   6   2   3  22   7   3   2   3   3  0.26 0.22
   75 N   -1  0  1  3  0  1  1 -1  3 -2 -2  0  0 -1  0  0  0  1  0 -2    6   5   7  14   2   5   7   5   6   2   4   6   2   3   5   6   5   2   3   3  0.17 0.15
   76 I    0 -1 -2 -3  2 -2 -3 -3 -1  3  1 -1  1 -1  0 -1  2 -1 -2  2    7   3   3   2   4   2   2   3   2  16  12   4   4   3   5   4  12   1   2  11  0.22 0.15
   77 P   -1  0  0 -1  0  0 -1 -2  0 -1 -2  2 -1 -2  5 -2 -1  0 -1  0    5   5   4   4   2   4   5   3   2   4   4  10   2   2  25   4   4   1   3   7  0.35 0.29
   78 S   -2 -2 -3 -3  1 -1 -3 -4  1  4  0 -3  1  1 -2 -3 -1  1 -1  4    4   3   2   2   2   3   2   2   3  19   8   2   3   6   2   3   4   2   2  26  0.51 0.30
   79 I   -2 -3 -3 -8  0 -2 -3 -4  0  6  1 -3  3 -1 -3 -3 -3  1 -1  3    4   2   2   0   2   2   2   2   2  33  11   2   6   3   2   2   2   2   2  16  0.79 0.43
   80 V   -1 -2 -2 -3  0 -3 -3 -3 -1  4  1 -3  4  3 -3 -4 -2  1 -1  3    6   3   2   2   2   2   2   3   2  17  12   2   9  11   2   2   3   2   2  15  0.45 0.27
   81 I   -2 -3 -3 -3  3 -2 -3 -4  0  3  3 -3  3  1 -3 -2 -1  1 -1  2    4   2   2   2   5   2   2   2   2  14  24   2   7   5   2   4   4   2   3  11  0.39 0.25
   82 T   -1 -3 -1 -2  0 -2 -2 -1 -1 -2 -4 -3 -1 -2 -3  3  5  1 -2 -1    5   2   3   3   2   2   3   5   2   2   3   2   2   2   2  22  31   2   2   4  0.66 0.51
   83 G    2 -1  0  0  1 -1 -1  2  0 -1 -2 -2  0 -2 -1  0  1  1 -1 -1   17   3   5   6   2   3   4  16   2   3   4   2   2   2   4   8   8   2   3   5  0.17 0.16
   84 H   -1  0  0  0  0  1  0 -1  4 -2 -1  0  0  0 -1  0  0  1  3 -1    6   5   4   5   2   7   6   4   9   2   6   6   3   4   4   6   6   2   9   5  0.14 0.13
   85 G    1 -1  1  2 -1 -1  0  2  1 -2 -3 -2 -1 -2  0  1  0 -1 -1 -2   12   4   6  11   1   3   6  15   3   2   3   3   2   2   5  10   6   1   2   3  0.17 0.17
   86 D   -1  0  0  0  2  0  0 -1  2  0 -1  0  2  1  0 -1  0  4  1 -1    5   5   5   5   5   5   5   5   5   5   5   5   5   5   5   5   5   5   5   5  0.09 0.08
   87 V   -1  0  0  0  0  0  0 -1  1  0 -1  0  1  1  1  0  0  2  0  0    6   4   4   6   3   4   8   4   3   7   5   5   4   7   7   6   5   3   3   7  0.04 0.04
   88 P   -1  0  0  0  2  0  0 -1  2  0 -1  0  2  1  0 -1  0  4  1 -1    5   5   5   5   5   5   5   5   5   5   5   5   5   5   5   5   5   5   5   5  0.09 0.08
   89 M   -1 -1  0  3  0 -1  0 -2  1 -1  0 -1  2  0 -1  0  1  1  2 -1    4   3   5  17   2   3   5   3   3   4   8   4   5   4   3   6   8   2   7   4  0.17 0.15
   90 A    3  1 -2 -2  0 -1  0 -2  0  1 -1  0  1 -1 -2 -2 -1  1 -1  1   22   8   2   3   2   3   6   3   2   7   6   6   3   2   2   3   4   2   2  10  0.16 0.16
   91 V    0  1 -1 -1 -1  1  1 -2  0  1  0  0  0 -1 -1 -1 -1  0 -1  2    7   7   3   4   2   6   8   3   2   8   8   6   3   3   3   4   4   1   2  14  0.03 0.08
   92 E    0  2  0  0 -1  2  2 -2  0 -2 -2  2  0 -2 -2 -1 -1  2 -1 -2    8  11   4   6   1   7  13   3   3   2   4  10   2   2   2   4   4   3   2   3  0.15 0.20
   93 A    4 -3 -3 -3  2 -2 -3  2 -1 -2 -2 -3  0 -2 -3 -1 -2  0 -2 -1   34   2   2   2   4   2   2  16   2   3   4   2   2   2   2   6   3   1   2   4  0.47 0.41
   94 M   -1  0 -2 -1 -1 -1 -2 -3 -1  2  2 -1  4  1 -2 -2 -2  1  0 -1    5   5   2   3   1   3   4   2   2  11  20   5   9   6   3   3   3   2   3   5  0.17 0.17
   95 K   -1  2  0  0  1  1  1 -2  1 -1 -2  2  1 -1 -1 -1 -1  2 -1 -2    5  11   5   5   2   7   8   3   3   3   5  12   3   3   3   5   4   2   3   3  0.09 0.15
   96 A   -1  0  0  0  2  0 -1 -1  2  0 -1  0  2  0  0 -1  0  4  1 -1    5   5   5   5   5   5   5   5   5   5   5   5   5   5   5   5   5   5   5   5  0.03 0.09
   97 G   -1  0  0  0  2  0 -1 -1  2  0 -1  0  2  0  0 -1  0  4  1 -1    5   5   5   5   5   5   5   5   5   5   5   5   5   5   5   5   5   5   5   5  0.03 0.09
   98 A    2 -1 -1 -1  1  0 -1 -1  1  0 -2 -1  0  0  1 -1 -1  2  0  1   18   4   4   4   3   4   3   6   3   5   4   3   3   4   8   4   3   3   3  11  0.13 0.13
   99 V   -1  0  0  0  2  0  0 -1  2  0 -1  0  2  1  0 -1  0  4  1 -1    5   5   5   5   5   5   5   5   5   5   5   5   5   5   5   5   5   5   5   5  0.09 0.08
  100 D   -1  0  0  5  1  0  0  0  2 -2 -3 -2  0 -1 -2 -2 -2  2  0 -2    6   5   4  27   3   4   6   7   4   3   3   3   3   3   3   4   3   2   3   3  0.39 0.29
  101 F   -1  0  0  0  2  0  0 -1  2  0 -1  0  2  1  0 -1  0  4  1 -1    5   5   5   5   5   5   5   5   5   5   5   5   5   5   5   5   5   5   5   5  0.09 0.08
  102 I   -3 -2 -2 -2  1 -1 -2 -2  0  4  3 -2  2  2 -2 -3 -2  2  1  1    3   3   2   3   3   3   3   4   3  19  21   3   4   7   3   3   3   3   4   7  0.34 0.22
  103 E   -1  0  0  0  2  0  0 -1  2  0 -1  0  2  1  0 -1  0  4  1 -1    5   5   5   5   5   5   5   5   5   5   5   5   5   5   5   5   5   5   5   5  0.09 0.08
  104 K   -1  0  0  0  2  0  0 -1  2  0 -1  0  2  1  0 -1  0  4  1 -1    5   5   5   5   5   5   5   5   5   5   5   5   5   5   5   5   5   5   5   5  0.09 0.08
  105 P   -2 -1 -1 -1  1 -1 -1 -2  1 -1 -2 -1  0  0  6 -2 -1 -8  1 -2    4   4   3   4   3   3   4   4   3   3   4   4   3   4  36   4   4   0   4   3  0.67 0.48
  106 F   -1 -1 -1  1  1 -1 -1 -2  0  1  1 -2  1  2  0 -1  0  1  0  1    5   3   3   8   3   3   5   3   2   6  12   3   3   9   6   5   5   2   4   9  0.08 0.07
  107 E   -2  0  1  4  0 -1  0 -2  0 -2 -1 -1  0 -2 -1  2  1  0 -2 -2    4   5   7  18   2   3   6   4   2   3   6   4   2   2   4  12   8   1   2   3  0.20 0.19
  108 D    0 -1  0  1 -1 -1  0 -2  0  0  0  0  0  0  3 -1  0  0  1 -1    8   4   4   7   1   3   7   4   2   5   8   5   3   4  16   5   5   2   4   4  0.13 0.13
  109 T    0  0  0  3 -2  1  3 -2  0 -2 -2  0 -1 -3  0  0  0 -1 -2 -2    8   5   5  14   1   5  18   4   2   3   4   5   2   2   5   7   5   1   2   3  0.23 0.22
  110 V   -1  1 -1  2 -2  2  4 -3 -1 -1 -2  0 -1 -3 -3 -1 -1 -2 -3 -1    6   8   3   9   1   7  26   2   2   4   5   6   2   1   2   4   5   1   1   5  0.35 0.30
  111 I   -3 -4 -5 -5 -2 -4 -5 -6 -3  3  5 -5  1  2 -5 -5 -4 -2 -3  1    3   2   1   1   1   1   1   1   1  12  51   1   3   6   1   1   2   1   1  10  1.07 0.62
  112 I   -1  0  0  0  2  0 -1 -1  2  0 -1  0  2  0  0 -1  0  4  1 -1    5   5   5   5   5   5   5   5   5   5   5   5   5   5   5   5   5   5   5   5  0.03 0.09
  113 E    1  0  0  0  1  1  1 -1  2 -1 -1  0  0 -1 -1  0 -1  2  0 -1   12   5   5   6   2   6   9   4   6   4   5   6   3   3   3   5   4   2   3   4  0.05 0.09
  114 A   -1  0  0  0  2  0 -1 -1  2  0 -1  0  2  0  0 -1  0  4  1 -1    5   5   5   5   5   5   5   5   5   5   5   5   5   5   5   5   5   5   5   5  0.03 0.09
  115 I   -1  0  0  0  2  0 -1 -1  2  0 -1  0  2  0  0 -1  0  4  1 -1    5   5   5   5   5   5   5   5   5   5   5   5   5   5   5   5   5   5   5   5  0.03 0.09
  116 E    0  2  0 -1  1  1  0 -1  1 -1 -1  1  1 -1 -1  0  0  2 -1 -1    8  10   5   4   3   6   7   4   3   4   5   8   3   3   4   6   5   2   3   5  0.03 0.08
  117 R    0  3  1 -1  1  1  0 -2  1 -1 -2  2 -1 -1 -2  0 -1  1 -1 -2    8  13   6   4   3   5   7   3   4   3   4  11   2   2   2   6   4   2   2   3  0.11 0.15
  118 A    3 -1 -2 -3  0 -1 -3 -3  2  1  1 -3  1  0 -3 -2 -2  1  1  1   19   3   2   2   2   4   2   3   4   9  15   2   3   4   1   3   3   2   4  10  0.20 0.21
  119 S   -1  0  0  0  2  0 -1 -1  2  0 -1  0  2  0  0 -1  0  4  1 -1    5   5   5   5   5   5   5   5   5   5   5   5   5   5   5   5   5   5   5   5  0.03 0.09
  120 E    0  2  0  0  0  1  1 -1  1 -1 -2  1  0 -1 -1 -1 -1  2 -1 -2    7  10   4   5   2   6  11   5   3   3   5   7   3   3   3   5   4   2   3   3  0.03 0.10
  121 H    0  2  0 -1  0  1  0 -2  1 -1  0  1  0 -1 -1 -1 -1  1  0 -1    6  11   4   3   2   6   7   3   4   4   8   9   3   3   4   5   4   2   3   4  0.03 0.09
  122 L   -1  0  0  0  3  0  0 -1  2  0 -1  0  2  1  0 -1  0  4  1 -1    5   5   5   5   5   5   5   5   5   5   5   5   5   5   5   5   5   5   5   5  0.10 0.09
  123 V   -1 -2 -3 -2 -2 -1  1 -3 -3  3  0 -2  0 -1 -3 -2 -1 -3 -2  4    0   0   0   0   0   0  18   0   0  16   0   0   0   0   0   0   0   0   0  66  0.28 0.04

                      K         Lambda
PSI Ungapped         0.0964     0.3161
PSI Gapped           0.0295     0.2670
