
Last position-specific scoring matrix computed, weighted observed percentages rounded down, information per position, and relative weight of gapless real matches to pseudocounts
            A   R   N   D   C   Q   E   G   H   I   L   K   M   F   P   S   T   W   Y   V   A   R   N   D   C   Q   E   G   H   I   L   K   M   F   P   S   T   W   Y   V
    1 T     0   2   1  -2   0   0  -1  -3   5  -1  -2   0   2  -2  -2   0   1  -2  -1   0    7  14   8   2   2   4   3   1  16   3   2   5   6   1   2   5  11   1   1   6  0.27 0.21
    2 V    -1   3  -1   0  -2   1   0  -3   2   0  -1   1   0  -2  -1  -1   2  -1  -1  -1    3  20   2   6   1   7   4   1   5   7   5  10   3   1   2   3  13   1   1   4  0.20 0.18
    3 A     4  -3  -4  -3   1  -3  -4  -3  -2   2  -2  -3   1  -2  -4  -2  -1  -2   0   4   41   1   0   1   3   1   0   1   1   9   2   1   3   1   0   1   2   1   3  29  0.59 0.36
    4 Y    -1  -4  -3  -5  -1  -3  -4  -2   0   1   1  -4   0   3  -5  -3  -1   1   5   4    5   0   1   0   1   1   0   4   2   8   9   0   1  12   0   1   2   2  21  31  0.55 0.30
    5 I    -2  -5  -5  -5  -1  -4  -5  -4  -5   5   3  -5   1   1  -5  -4  -2   0  -1   3    1   0   0   0   1   0   0   1   0  42  28   0   2   5   0   0   1   1   1  16  0.78 0.34
    6 A     3  -3  -2  -3   3  -2  -2   2  -1  -2  -1  -3  -1  -2  -3   3  -1   2  -3  -2   28   0   1   0   6   1   1  18   1   1   7   0   1   1   0  27   1   3   0   1  0.46 0.30
    7 I    -2  -4  -1  -5   0  -2  -4  -5  -4   2   4  -4   5   0  -4  -3  -2  -3  -1   0    2   0   4   0   2   2   0   0   0  11  48   0  19   3   0   2   2   0   2   4  0.67 0.33
    8 G    -1  -1   0   1  -5  -1  -1   6   0  -5  -5  -3  -4   0  -4  -1  -3  -5  -4  -3    2   3   4   9   0   3   4  65   2   0   0   0   0   4   0   3   0   0   0   2  1.05 0.41
    9 S     2  -4  -2  -3   3  -3  -3   2  -4  -4  -4  -3  -4  -5  -3   5   1  -5  -4  -2   13   0   0   0   6   0   0  16   0   0   0   0   0   0   0  56   6   0   0   3  0.87 0.45
   10 N    -1  -1   7  -1  -5  -2   1   0  -2  -5  -5  -2  -4  -5  -1  -1   0  -5  -4  -2    5   2  65   0   0   0   7   5   0   0   0   0   0   0   3   3   4   0   0   3  1.17 0.48
   11 L    -1   0   0   0   2   0   0  -1   2   0  -1   0   1   0  -3   0   0   3   1   0    5   5   5   5   5   5   5   5   5   5   5   5   5   5   0   5   5   5   5   5  0.06 0.10
   12 A    -1  -1   0   1  -2  -1   0   6  -2  -4  -4  -2  -5  -3  -1  -2  -3  -5  -3  -4    6   3   4   8   1   3   7  47   1   1   2   2   0   1   4   3   2   0   1   2  0.82 0.46
   13 S    -2   1   2   5  -1  -1   0  -1  -1  -3  -3  -1  -2  -2   1  -1  -2  -1  -2  -3    4   8  11  29   1   3   7   5   2   2   3   4   1   2   7   5   3   1   2   2  0.45 0.25
   14 P    -1   5  -3  -4   0  -2  -3  -3  -2  -4  -3   0  -2  -3   5   0  -2  -5  -3  -1    6  28   1   1   2   2   2   2   1   1   3   6   1   2  28   6   3   0   1   4  0.86 0.53
   15 L     1   2  -3  -1  -2   1   3  -3   0   0   1   0  -1  -1  -2  -2  -2  -1  -1   0   11   9   1   4   1   5  17   2   2   4  13   6   2   3   2   3   3   1   2   8  0.20 0.17
   16 E     2   2  -1   0  -1   2   2   0   2  -3  -3   1  -1  -2  -3  -1  -1  -1  -1  -2   18  11   3   6   1  10  13   7   4   2   3   7   1   1   1   4   3   1   2   3  0.24 0.24
   17 Q    -1  -1   4  -2  -1   3  -2  -3   5   0  -2  -2   0  -1  -5  -1   1   0   2  -2    5   3  17   2   1  12   2   2  13   6   4   2   2   3   0   5  10   2   8   2  0.42 0.33
   18 V    -1  -5  -6  -6   2  -1  -6  -6  -5   3   4  -5   3   2  -2  -2  -2  -5   0   1    4   0   0   0   4   3   0   0   0  16  38   0   5   7   3   3   3   0   3   9  0.71 0.40
   19 N     0   3   1   0   1   2   1  -2   1  -1  -2   0   1  -1  -1  -1  -1   2   0  -2    7  13   6   6   3   9   9   3   4   3   5   6   3   3   3   4   4   3   3   3  0.16 0.15
   20 A     1   1   0   0   1   2   1  -1   2  -1  -2   1   1  -1  -5   0   0   2   0  -2   13   7   4   5   3   8   8   5   4   3   5   8   3   3   0   7   5   3   3   3  0.13 0.13
   21 A     7  -3 -10 -10   0 -10 -10  -1 -10  -4  -2 -10  -1  -3 -10  -2  -4 -11 -10   0   70   2   0   0   2   0   0   5   0   1   4   0   1   2   0   4   2   0   0   8  1.84 0.94
   22 L    -2  -1  -4  -5   2  -3  -4  -5   0   4   3   0   0   0  -4  -5  -4   1  -1   3    3   4   1   1   4   2   1   1   2  19  23   5   2   4   1   1   1   2   2  19  0.64 0.35
   23 K     1   2   0   3  -1   2   2  -2   1  -3  -2   0  -1  -2  -2  -1  -1   0  -2  -2   12   9   4  14   1   8  11   4   3   2   4   7   2   2   2   6   4   1   2   4  0.20 0.17
   24 A     3   1  -2  -1   0  -1   1  -1   2  -2   1   0   1   0  -7   0  -2   1  -1  -2   19   7   2   4   2   3  10   5   4   2  14   5   3   4   0   6   2   2   3   2  0.20 0.18
   25 L    -2  -1  -8  -8   2  -1  -2  -2  -7   3   4  -1   3   1  -8  -7  -1  -7   0  -1    4   4   0   0   3   4   4   4   0  12  38   4   6   5   0   0   4   0   4   4  0.73 0.37
   26 G     1   0  -1   0   1  -1  -1   0   1  -1   2  -1   0   0  -1  -1   0   2   0  -2   11   5   4   5   3   3   5   7   3   3  21   4   3   4   3   5   5   2   3   3  0.09 0.08
   27 D     2   1   0   1  -1   2   2   0  -1  -4  -3   1  -3  -3  -3   1  -1  -5  -3  -3   16   7   4   7   1   9  12   8   2   1   4   8   1   1   2   9   3   0   1   2  0.25 0.21
   28 I    -1   1  -1   0  -1  -1   0  -1   3   1   2  -1   0  -1  -2  -1   0  -2  -1   0    5   7   3   5   1   3   5   6   7   8  18   4   2   3   2   5   7   1   2   5  0.10 0.07
   29 P    -1  -1  -1  -1   0  -2   0  -1  -1  -1  -1  -1  -3   3   5  -1  -2  -3  -1   0    6   4   3   4   2   2   6   6   1   4   6   3   1  11  26   4   2   0   2   6  0.41 0.25
   30 E     0   0   0   1  -1   0   0   3   1  -1  -1   0  -1  -1  -1   0  -1  -1  -1  -1    7   5   5   7   2   4   5  23   4   3   7   5   2   3   3   5   4   1   2   4  0.14 0.06
   31 S     0  -1   1   0   0  -1  -1   1  -1   2   0  -1  -1   0  -2   0   1  -1  -2   1    6   3   7   4   2   3   4  11   2  12   8   3   1   4   2   8   8   1   1  11  0.06 0.06
   32 H    -1   3  -1   0   0   3   1   0   1  -1  -3   1  -2  -3   0   0   0  -2  -1  -1    5  14   3   5   2  12   8   7   3   4   3   9   1   1   5   7   7   1   2   4  0.18 0.17
   33 I    -2  -2  -1   0  -3  -3  -2  -3  -3   3   2  -3  -2  -2  -1  -2  -3  -2  -4   4    3   2   3   6   1   1   3   2   1  17  18   2   1   2   3   3   2   1   0  30  0.53 0.32
   34 L    -2  -1  -3  -1  -1  -1   0  -4  -3   3   2  -1   0  -2  -5  -2   1  -3  -3   3    3   3   1   4   1   3   7   1   1  14  21   4   2   2   0   3   9   0   1  20  0.34 0.24
   35 T     2   4  -1  -1  -1   1  -1   1   0  -3  -3   2  -3  -5  -5   0  -1  -3  -4  -3   19  18   3   4   1   7   3  11   2   1   3  13   1   1   0   6   3   0   0   2  0.39 0.30
   36 V    -1   0  -4  -5   3  -1  -3  -5   0   3   0  -1  -1   1  -4  -1   1   0  -1   3    6   5   1   0   7   3   2   0   3  14   8   3   1   5   1   5  10   1   2  23  0.38 0.27
   37 S    -1  -5  -7  -8  -8  -8  -5  -3  -9 -10 -10  -8  -9 -10  -6   8  -3 -10  -9  -9    5   1   0   0   0   0   1   2   0   0   0   0   0   0   1  89   2   0   0   0  2.66 1.32
   38 S    -1   2  -3  -2   1  -2  -2  -3   1  -5  -5  -1  -5  -2   5   4  -1  -5  -4  -4    6  11   1   2   2   2   3   2   3   1   1   3   0   2  25  29   3   0   1   2  0.77 0.54
   39 F    -3  -4  -6  -5  -2  -6  -3  -7  -5   3   4  -5   0   3  -2  -3  -3   2   0   3    2   1   0   1   1   0   2   0   0  15  32   0   2  11   3   3   1   3   3  18  0.77 0.43
   40 Y    -6  -5 -10 -11  -5  -5  -5 -11  -2   1   0  -7  -2   2 -10  -7  -7   3   9  -2    1   1   0   0   0   1   1   0   1   6   8   0   1   8   0   0   0   3  64   3  2.39 1.10
   41 R    -1   4  -3  -3  -3   1   5  -5   2  -3  -3   0  -2  -4  -5  -1  -2  -1  -4  -2    5  17   1   1   1   6  40   1   5   2   3   5   1   1   0   4   3   1   1   3  0.86 0.56
   42 T    -4  -8   0  -6  -1  -6  -5  -7  -5  -5  -8  -4  -5  -7  -8   4   7 -10  -4  -1    1   0   4   0   1   0   1   0   0   1   0   1   0   0   0  28  55   0   1   5  1.80 0.98
   43 P     3  -1  -4   0  -5   0   3  -4  -4  -5  -4   2  -4  -6   3   0  -2  -8  -6  -2   19   4   0   6   0   4  20   1   0   1   2  11   0   0  16   8   2   0   0   3  0.58 0.44
   44 P     3  -6  -4  -3  -2  -3  -4  -6  -2  -8  -7  -7  -2  -6   8  -2  -7  -8  -6  -6   23   0   1   2   1   1   1   1   1   0   1   0   1   0  61   4   0   0   0   1  2.03 1.03
   45 L    -2  -6  -7  -4  -4  -1  -4  -6  -3   1   1  -6   4   2  -3  -6  -5   8   1   4    4   0   0   1   0   4   1   1   1   7  12   0   8   9   2   1   1  17   4  27  1.04 0.55
   46 G    -4  -4  -1  -1  -3  -4  -2   6  -3  -5  -2  -4  -2  -2   0  -3  -3  -6   3  -4    2   1   3   4   1   1   3  57   1   1   4   1   1   2   6   2   2   0   9   1  1.19 0.60
   47 P    -1  -2   0   0   0   0  -1   0  -1   0  -1  -1   1   3   1   0  -1  -2   2   1    5   2   4   6   2   4   3   7   1   6   5   3   4  17   8   6   3   0   6   9  0.13 0.11
   48 Q     0   0   0   1   0   0   1  -1   0   0  -1   0  -1  -1   1   0   1  -1  -1   0    6   4   5   7   3   4   8   5   3   7   6   5   1   2   8   5   9   1   2   7  0.05 0.03
   49 D    -1  -1   1   4  -1   0   1   0  -1  -2  -1   0  -1  -2   0   1  -1  -1  -1  -2    5   3   8  21   1   3   8   8   2   2   6   5   1   2   5  10   3   1   2   3  0.19 0.12
   50 Q    -1   0  -1   0  -2   7  -2   3  -2  -4  -4  -2  -5  -6  -2   0  -3  -6  -4  -4    4   5   3   6   1  41   2  19   1   1   2   2   0   0   2   6   2   0   1   2  0.95 0.58
   51 P    -1  -1   1   2  -4  -2  -1  -1   3  -5  -5  -3  -4  -5   6   0  -2  -8  -4  -5    6   4   6  11   0   2   3   6   6   1   2   1   0   1  40   6   3   0   1   1  0.94 0.57
   52 D     0   1   1   5  -3  -2  -1  -4  -2  -3  -2  -1  -2  -3   2  -1  -2   3  -2  -3    9   7   7  34   1   2   3   1   1   2   4   4   1   1  11   5   3   3   1   2  0.60 0.42
   53 Y    -5  -5  -5  -9  -9  -8  -3  -6   0  -5  -5  -5  -3   8  -3  -5  -5   2   6  -5    1   1   1   0   0   0   2   1   2   1   1   1   1  62   2   1   1   3  21   1  2.28 1.01
   54 L    -1  -3  -4  -4   1  -4  -3  -6   0   2   4  -4   3   1  -6  -2  -1   0   3   1    5   1   1   1   3   1   2   0   2   9  37   1   6   5   0   3   3   1  10   9  0.56 0.35
   55 N    -3  -3   9  -3   0  -6  -6  -6  -5  -8  -8  -3  -7  -8  -7  -1  -6  -8  -3  -8    3   1  83   1   2   0   0   0   0   0   0   2   0   0   0   4   0   0   1   0  2.72 1.18
   56 A     5  -3  -4  -6   3   1  -5   1  -6   0   0  -4   3  -3  -6  -1  -1  -2  -4  -2   41   2   1   0   5   7   0   9   0   6   9   1   6   1   0   5   3   1   1   2  0.67 0.46
   57 A     3  -8  -8  -8   4  -7  -7  -4  -8   0  -2  -7  -1  -6  -7  -3  -3  -8  -1   6   22   0   0   0   7   0   0   2   0   4   3   0   1   0   0   2   2   0   3  54  1.43 0.75
   58 V     3  -6  -6  -7   2  -4  -2  -4  -6   3   1  -6   3  -1  -5  -4  -3  -1  -3   4   20   0   0   0   4   1   3   1   0  14  12   0   6   3   1   1   1   1   1  32  0.78 0.47
   59 A     1   1  -2  -3   1   1   2  -2  -1   1   0   1   0  -1  -4  -1  -2  -1  -2   2   10   8   1   0   3   7  14   3   2   7  11   8   3   2   0   4   2   1   1  14  0.16 0.19
   60 L     0  -8  -8  -9   0  -8  -8   0  -8   4   3  -8   0   2  -8  -6  -5  -4  -4   4    8   0   0   0   2   0   0   8   0  22  22   0   2   8   0   0   1   0   0  26  1.02 0.53
   61 E    -2   2  -1   2  -2   1   4  -3   1  -4  -3   1  -3  -1  -3   1   0  -3  -1  -3    4   9   3  11   1   6  23   2   3   1   2   9   1   2   1   9   7   0   3   2  0.38 0.27
   62 T    -2  -5  -4  -4   0  -4  -4  -4  -4  -4  -5  -5  -4  -3  -3   1   7  -1  -4  -2    4   1   1   1   2   1   1   2   0   1   2   1   0   1   1   9  66   1   1   3  1.73 0.82
   63 S     0   1   0   3   0   0   1  -2   0  -2  -2   0  -2  -2   0   1   2  -2  -2  -2    8   6   5  14   2   3  10   3   2   2   4   6   1   2   4  12  12   1   1   2  0.18 0.16
   64 L    -2  -2  -4  -2  -1  -2  -3  -3  -1  -1   5  -2   3  -1  -4  -3  -3   2  -1  -2    3   2   1   3   1   2   2   2   2   3  55   3   6   3   1   2   2   3   3   2  0.90 0.44
   65 A     0  -3   0   2  -3  -1   1   0  -2  -5  -4  -2  -3  -5   2   4   2  -3  -4  -4    9   1   3  12   1   3   8   8   1   1   2   3   1   1  10  25  10   0   1   1  0.46 0.35
   66 P     2  -4  -5  -6  -4  -4  -3  -5  -1  -2   0  -4  -4  -5   7  -4  -5  -7  -3  -1   17   1   1   1   1   1   2   1   1   2   8   1   1   1  54   2   1   0   1   5  1.50 0.77
   67 E     0   1  -2   0  -3   1   3  -2   4  -1   1  -1   0  -1  -1  -1  -2   0  -1  -2    6   9   1   5   0   7  17   3  10   4  12   3   2   2   4   5   2   1   2   3  0.22 0.20
   68 E     2  -2  -3   3  -2   2   5  -3  -3  -4  -5  -1  -3  -6  -4  -1  -1  -1  -6  -2   16   3   1  14   1   9  33   3   1   1   2   3   1   0   1   4   4   1   0   3  0.74 0.50
   69 L    -6 -10 -11 -11  -1 -10 -10 -11  -5   0   6 -10   0   1 -10  -7  -4   2  -8   1    1   0   0   0   1   0   0   0   0   4  71   0   2   5   0   0   1   3   0  10  1.86 0.88
   70 L    -4  -3  -3  -4  -2  -3  -6  -7  -4  -1   6  -1   1  -2  -9  -4  -6  -2  -3  -2    2   2   2   1   1   2   1   1   1   4  69   4   3   2   0   2   0   1   1   3  1.43 0.72
   71 N     2   2   0   3  -3   1   2  -1   2  -4  -4   1  -4  -4  -5   0  -1  -4  -3  -3   16  11   4  16   1   6  11   5   4   1   2   9   0   1   0   6   5   0   1   2  0.38 0.30
   72 H     1   2  -3  -4   0   0   0  -4   1   1   1   0  -1   0  -5  -2   1   1   0   1   14  12   1   1   2   5   7   1   4   7  13   6   1   5   0   2   7   2   3   9  0.20 0.19
   73 T    -2  -5  -9 -10   5  -9  -9  -3  -9   1   5  -9   1   0  -9  -6   0  -8  -8  -1    4   1   0   0  11   0   0   2   0   8  56   0   3   4   0   1   7   0   0   4  1.39 0.70
   74 Q    -5   0  -1  -5  -6   5  -4  -3   5  -6   2   4  -1  -3  -4  -5  -4  -2  -5  -4    1   6   3   1   0  26   1   2  11   0  16  25   1   2   1   1   1   1   0   1  1.05 0.63
   75 R     2   2  -1   0  -2   1   2  -1   1  -4  -3   1   0  -3  -3   1   0  -1  -1  -3   18  11   3   6   1   7  11   5   4   1   1   8   3   1   1  12   5   1   2   1  0.25 0.23
   76 I    -3  -5  -8  -8  -2  -4  -5  -6  -8   7   1  -5   0  -2  -8  -5  -1  -1  -3   3    2   1   0   0   1   1   1   1   0  56  12   1   2   2   0   1   3   1   1  15  1.42 0.66
   77 E    -3  -7  -3  -5 -10  -1   8  -4  -1 -10  -9  -3  -8 -10  -8  -3  -3  -9  -8  -9    3   0   2   0   0   3  85   1   2   0   0   1   0   0   0   2   2   0   0   0  2.48 1.15
   78 L     2   3   1   0  -2   3   0  -3   0  -2  -1   2  -2  -2  -4   0   0  -2  -1  -2   16  16   5   5   1  12   4   2   2   2   5  10   1   2   0   6   5   1   2   2  0.27 0.24
   79 Q     1   1  -1   1  -1   1   2   0   0  -1  -2   1  -1  -2  -1   1   0  -1  -1  -2   10   8   3   7   1   6  14   6   2   3   5  10   1   2   2  10   4   1   2   3  0.12 0.11
   80 Q     2  -3  -1  -5   0   0  -1  -3   5   1   2  -5   2   3  -3  -3  -3   0   0  -2   15   1   3   0   2   5   3   1  14   8  22   0   5  11   1   1   1   1   3   3  0.46 0.33
   81 G    -3   0  -2   0   0  -2  -1   6   1  -5  -5   0  -3  -3  -4  -3  -6  -8  -4  -5    1   6   2   4   2   2   4  62   3   1   1   7   1   1   1   2   0   0   1   1  1.30 0.66
   82 R    -4   8  -4   0  -9  -1  -4  -2  -2  -9  -6  -2  -7  -9  -4  -4  -4  -9  -8  -8    2  78   1   5   0   3   1   3   1   0   1   1   0   0   1   1   1   0   0   0  2.30 1.03
   83 V     0   1  -1   1  -2   0   1  -3  -1   0  -2   1   0  -3  -2  -1   2  -5  -1   3    8   7   2   7   1   3  10   2   1   5   2   7   2   1   2   3  13   0   2  22  0.21 0.22
   84 R     0   7  -4   0  -6  -3  -2  -2  -1  -5  -4   1  -5  -5   1  -3  -5  -7  -5  -4    7  58   1   5   0   1   2   3   1   1   2   7   0   1   6   2   1   0   1   1  1.47 0.70
   85 K    -1   1   0   1  -2   0   1   0   1  -1  -2   2  -2  -3   1   1   1  -3  -2  -2    5   9   4   7   1   3   9   7   4   3   5  11   1   1   6  11   8   0   1   3  0.12 0.10
   86 A     0   0   0   1  -2   0   1   1   0   0   0   0  -1   0  -1   0   0  -2  -1   0    9   5   3   9   1   3  10  12   2   8   8   5   1   4   3   6   4   0   2   7  0.04 0.04
   87 E    -1   2   0  -1   1   0   1  -1  -1   0  -1   2  -1   0   1   0   0  -2  -1   0    5  11   4   4   3   5   8   6   2   6   4  13   1   4   7   6   4   1   2   6  0.09 0.05
   88 R    -1   6  -3  -1  -5  -2  -1  -2   4  -4  -3   4  -5  -4  -1  -3  -3  -3  -2  -3    6  33   1   4   0   2   4   3   8   1   3  23   0   1   3   2   2   0   1   2  0.89 0.47
   89 W    -4  -1   3  -4  -1  -4  -4  -5   0  -5  -3  -1  -4   2  -4  -3  -2  10   3  -2    2   4  13   1   1   1   1   1   2   1   3   5   1   8   1   2   3  37   9   3  1.61 0.68
   90 G     1  -3  -5  -3  -3  -1  -1   6   0  -2  -5  -2  -7  -6  -5   1  -2  -4  -5  -5   11   2   0   2   1   3   5  52   2   2   1   2   0   0   1  11   2   0   1   1  1.09 0.55
   91 P     0  -5  -4   3  -5  -5   0  -4  -5  -3  -7  -4  -4 -10   7   0  -6 -10  -9  -1    9   1   1  13   0   1   5   2   0   2   1   1   0   0  51   8   0   0   0   4  1.48 0.77
   92 R    -4   8  -8  -2  -1  -6  -8  -5  -4  -3  -5  -1  -5 -10  -8  -9  -9 -11  -4  -2    2  79   0   3   2   0   0   1   0   2   2   3   0   0   0   0   0   0   1   4  2.53 1.08
   93 T    -2  -4  -2  -3  -2  -4  -2  -6  -5  -1  -3  -5  -5  -6   3  -1   7  -8  -6   0    4   1   2   2   1   1   3   1   0   4   3   1   0   0  14   5  51   0   0   7  1.24 0.65
   94 L    -1  -8  -9  -9  -2  -8  -8  -9  -8   6   5  -8   1  -6  -8  -8  -7  -3  -7   0    6   0   0   0   1   0   0   0   0  33  48   0   3   0   0   0   0   1   0   7  1.65 0.70
   95 D    -2  -4  -7   9 -10  -3  -7  -9  -1 -10 -10  -5 -10 -10  -9  -8  -5 -11 -10  -4    4   2   0  87   0   2   0   0   1   0   0   1   0   0   0   0   1   0   0   2  2.98 1.22
   96 L    -5  -8  -8  -8  -1  -8  -8  -8  -8   5   5  -8   0  -4  -8  -8  -7  -7  -7   1    1   0   0   0   1   0   0   0   0  28  54   0   2   1   0   0   0   0   0  10  1.70 0.71
   97 D    -8  -2  -4   9  -9  -7  -3  -8   1  -9  -9  -7  -9  -9  -8  -3  -8  -9  -8  -9    0   3   1  86   0   0   2   0   3   0   0   0   0   0   0   2   0   0   0   0  2.96 1.18
   98 I    -4  -8  -8  -8  -3  -8  -8  -8  -8   7   4  -8   0  -4  -8  -8  -5  -8  -7   2    1   0   0   0   1   0   0   0   0  50  30   0   2   1   0   0   1   0   0  12  1.79 0.73
   99 M    -5  -8  -9  -3  -4  -8  -3  -9  -8   4   5  -8  -1  -5  -8  -6  -5  -8  -7   3    1   0   0   2   0   0   2   0   0  21  54   0   1   0   0   1   1   0   0  16  1.53 0.67
  100 L     1  -5  -5   0  -1  -2  -5  -3  -4  -2   4  -4   0   3  -7  -2   1   1   1  -1   11   1   0   6   2   2   1   3   1   2  35   1   2  12   0   3  10   2   4   4  0.57 0.34
  101 F    -4  -5  -7  -7   1  -6  -8  -4  -1  -1  -3  -6   3   4  -8  -3  -2   5   8   0    2   1   0   0   3   0   0   2   1   3   3   1   6  16   0   3   3   7  42   5  1.59 0.72
  102 G    -3   0   2   4  -5  -1   1   5  -2  -6  -5  -4  -5  -5  -5   0  -5  -3  -5  -5    3   5   9  24   0   3   9  33   1   0   2   1   0   1   1   6   1   0   1   1  0.91 0.49
  103 N    -3  -1   2   5  -5   1   1   3   1  -5  -6  -1  -4  -6  -3   0  -1  -5  -5  -5    2   4  10  28   0   6   9  18   3   1   1   4   1   0   1   7   4   0   0   1  0.71 0.41
  104 E    -1   1  -2   1  -1   2   2  -2  -1   0   1  -1  -1  -1  -2  -1  -1  -2   0   1    5   7   2   7   1   8  13   3   1   4  15   4   2   2   2   4   4   1   3  12  0.13 0.11
  105 V     0   0  -1  -1  -1   0   0   0  -1   3  -1  -1  -1  -2  -2  -1   1  -3  -3   3    7   5   3   3   1   4   7   6   2  15   5   4   1   1   2   4   7   0   1  22  0.20 0.14
  106 I    -1  -1  -1   0   1  -1  -1   1   0   2   1  -1   1   0  -2   0  -1  -1   0   1    4   3   2   5   3   2   4   9   3  16  12   3   3   3   2   9   3   1   3  10  0.08 0.06
  107 N    -1   0   2   4  -1   0   1  -1   1  -2  -2   0  -2  -2  -2   0   0  -3  -1  -2    5   5   9  22   1   5   9   4   3   3   4   5   1   2   3   8   6   0   2   4  0.25 0.13
  108 T    -1  -2  -1   2  -2  -1   2   0   1  -2  -2  -2  -2  -2  -1   2   3  -2  -2  -2    4   2   3  12   1   3  14   7   3   2   4   2   1   2   3  15  15   1   1   3  0.27 0.19
  109 E    -1  -1  -2   3  -3  -1   3  -1   0  -4  -2   0  -3  -1   4   0  -2  -3  -3  -3    5   4   2  14   1   3  16   5   3   1   5   5   1   3  21   6   3   0   1   2  0.42 0.25
  110 R    -1   3   2   2  -3   0   2   0   3  -2  -3   0  -3  -2  -1  -1   0  -1  -2  -2    5  15   8  11   0   4  12   8   6   3   2   5   0   2   3   4   5   1   1   3  0.26 0.19
  111 L    -2  -1  -4  -4   1  -4  -3  -6  -5  -1   6  -5   1  -3  -2  -5  -4  -3  -2  -2    4   4   1   2   3   1   2   1   0   3  65   1   3   1   2   1   1   0   1   3  1.26 0.58
  112 T    -2   0  -2  -2  -1   3   1  -5   0   2  -2   0  -2  -3  -2  -1   4  -4  -4   1    3   6   2   3   1  10   9   1   2  11   3   5   1   1   2   4  27   0   0   9  0.47 0.32
  113 V    -5  -3  -7  -7  -4  -5  -5  -2  -7   5   4  -3  -3  -5  -3  -4  -5  -7  -6   4    1   1   0   0   0   1   1   3   0  26  34   2   0   0   2   2   1   0   0  25  1.18 0.53
  114 P    -7  -3  -8  -3  -8  -8  -7  -3   0  -8  -7  -7  -8  -8   9  -7  -4  -8  -8  -2    0   2   0   2   0   0   0   3   3   0   1   0   0   0  83   0   1   0   0   3  2.88 1.23
  115 H    -3   2  -7  -2  -8  -7  -7  -3  11  -8  -4  -3  -8  -7  -8  -6  -6   3  -2  -8    2  11   0   3   0   0   0   3  68   0   2   2   0   0   0   1   1   3   2   0  2.95 1.13
  116 Y    -1  -2  -5   0  -5  -1  -1  -4  -2  -3  -2  -1  -4  -7   7  -3  -5  -5   1  -4    6   2   1   6   0   3   5   2   1   2   4   4   0   0  55   2   1   0   5   1  1.42 0.72
  117 D    -2   5  -3   2  -4  -1   3   0   2  -7  -2  -3  -4  -2  -4  -2  -5  -1   0  -6    4  33   1  12   0   2  16   9   4   0   5   1   0   2   1   3   1   1   4   1  0.78 0.44
  118 M     2  -5  -5  -2  -4  -6  -6  -6  -1   4   2  -6   7  -1  -7  -1  -4   0  -1  -1   17   1   1   3   0   0   1   1   2  18  18   0  23   3   0   4   1   2   2   3  0.95 0.47
  119 K     1   0  -3  -2  -2   1  -2  -3   6  -3   1   0  -1   0  -1  -1   0   4   0  -4   10   5   1   2   1   6   3   3  17   1  13   6   2   5   3   5   7   6   3   1  0.39 0.26
  120 N    -2   0   1   1  -4   2   5  -5  -2  -2  -1   1  -4  -5  -5  -3   0  -5  -3  -3    3   5   7   7   0   8  37   1   1   3   7   9   0   0   0   2   6   0   1   2  0.71 0.44
  121 R    -6   8   0  -2  -6  -2  -3  -4   3 -10  -9  -3  -4  -2  -4  -4  -4  -4   0 -10    1  68   5   2   0   2   2   2   5   0   0   1   1   2   1   2   2   0   4   0  2.04 0.93
  122 G     5   0  -1   1  -4  -4   1  -2  -5  -4  -3  -3  -4  -6   2   0  -4  -5  -1  -5   42   4   3   9   0   1   9   3   0   1   4   2   1   0  10   6   1   0   2   1  0.74 0.47
  123 F    -1  -4 -11  -7 -10  -7  -3 -11  -2  -9  -6 -10  -8   9 -11  -2  -5  -2   3  -7    7   2   0   0   0   0   3   0   1   0   1   0   0  72   0   4   1   1   8   0  2.67 1.08
  124 M    -3 -10  -7  -7  -5  -3 -10 -10 -10   1   0  -9   0  -3 -10  -5  -4  -2  -8   7    3   0   0   0   0   1   0   0   0   6   7   0   2   1   0   1   1   1   0  75  2.12 0.91
  125 L    -3  -1  -7  -7  -4  -2  -7  -6  -5   0   6  -3   3  -5  -9  -6  -5  -1  -2  -2    3   4   0   0   0   2   0   1   0   4  70   2   6   0   0   1   1   1   1   3  1.55 0.72
  126 W     1   1  -4  -2  -3   1   1  -3  -3   2  -1   1  -1  -3  -2  -3  -3   2   1   3   13   9   1   2   0   5  10   2   1  10   7   7   2   1   2   2   1   3   4  19  0.25 0.21
  127 P    -2  -6 -10 -10  -4  -9  -7  -3 -10  -6  -1  -9  -5  -6   9  -4  -6 -11 -11  -7    3   1   0   0   1   0   0   3   0   1   8   0   0   0  80   2   0   0   0   1  2.73 1.22
  128 L    -5 -10 -11 -11  -5  -9 -10  -8 -10  -1   6 -10   2  -2 -10  -8  -6   8  -7  -2    1   0   0   0   0   0   0   0   0   4  66   0   4   2   0   0   1  18   0   3  2.13 0.91
  129 F     4  -1  -1  -2   2  -2  -1  -4   1  -3   1  -1   3  -1  -5  -1  -3  -2  -2  -2   36   4   4   2   5   2   3   1   4   1  13   4   7   3   0   5   1   1   1   3  0.52 0.35
  130 E    -1  -5  -4   5  -6   1   6  -6  -3  -8  -4  -6  -3  -5  -8  -3  -5  -4  -2  -6    5   1   1  29   0   5  49   1   1   0   2   0   1   1   0   2   1   0   2   1  1.59 0.81
  131 I    -3  -8  -8  -8  -4  -6  -7  -9  -6   6   4  -8   3  -3  -7  -6  -6  -6  -7   2    2   0   0   0   0   0   0   0   0  39  37   0   6   1   0   1   0   0   0  10  1.57 0.69
  132 A     4  -4   0   3   1  -2   0  -2  -4  -1  -1  -3   0  -2  -5  -2  -3   0   0  -2   34   1   4  17   3   2   7   2   0   4   7   2   2   2   0   3   2   1   3   3  0.52 0.36
  133 P     0  -4  -4  -3  -4  -3   0   0  -2  -5  -6  -3  -6  -7   8  -1  -3 -10  -5  -6    8   1   1   2   0   1   6   8   1   1   1   2   0   0  59   5   2   0   0   1  1.63 0.84
  134 E    -1  -1   2   4  -4   1   2  -1   1  -3  -3   0  -3  -2  -3   0  -1  -3   0  -4    5   3  10  25   0   5  15   5   3   1   3   5   1   2   1   6   4   0   4   2  0.44 0.27
  135 L     2  -1  -4  -2  -2  -2  -2  -2   0  -1   3  -2  -1   2  -3  -2  -1   6   0  -1   19   3   1   2   1   2   3   4   3   3  23   3   1   7   1   3   4   9   3   4  0.38 0.26
  136 V    -1   2  -1  -2   1   0   0  -3   0   2  -1   0  -1  -2  -1   0   1   1  -2   2    4  13   3   2   2   4   6   2   2  11   6   5   2   1   3   6   8   2   1  17  0.18 0.16
  137 F    -4  -5  -4   1  -4  -4  -3  -5   8   2   3  -4  -3   0  -3  -4  -5  -5   1  -1    2   0   1   8   1   1   2   1  30  10  24   1   0   5   2   1   1   0   4   5  1.10 0.52
  138 P    -2  -3  -1   0  -3  -1  -2  -1  -3  -4  -4  -3  -5  -4   7  -2  -3  -2  -4  -4    4   2   3   5   1   3   3   6   1   1   2   2   0   1  59   3   2   1   1   1  1.52 0.76
  139 D    -1  -1  -1   1  -2   1  -1   3  -1   0   0  -1  -1  -2  -2  -1  -1  -3  -2   2    4   4   3   8   1   6   4  22   2   6   8   4   1   2   2   4   4   0   1  14  0.18 0.13
  140 G    -1   0   0   0   2   0   0  -1   2   0  -1   0   2   1   0  -1   0   4   1  -1    5   5   5   5   5   5   5   5   5   5   5   5   5   5   5   5   5   5   5   5  0.09 0.08
  141 E    -1   1   1  -1   1   1   0   1   1  -1  -1   1   1  -1  -1  -1   0   2   0  -1    4   9   6   4   3   6   6  12   3   4   5   9   3   3   3   5   6   3   3   4  0.07 0.07
  142 M     0   1  -1  -2   0   0  -2  -2   0  -1  -2   0   0  -1   2   2   3   1  -1  -2    6   7   3   3   2   4   3   3   3   3   4   6   2   3  11  13  16   2   2   3  0.21 0.20
  143 L    -1  -3  -2  -3   0  -2  -3  -3  -1   3   2  -3   1   1  -2  -2  -1   1   2   3    6   2   2   2   2   2   2   2   2  14  16   2   3   5   2   3   4   2   6  20  0.36 0.22
  144 R    -1   0   0   0   2   0   0  -1   2   0  -1   0   2   1   0  -1   0   4   1  -1    5   5   5   5   5   5   5   5   5   5   5   5   5   5   5   5   5   5   5   5  0.09 0.08
  145 Q     0   0   0   2   1   2   2  -2   2  -2  -2  -1   0  -1  -1  -1   0   2   0  -2    7   4   5  10   3   9  15   4   4   3   4   4   3   3   3   6   5   2   3   3  0.18 0.18
  146 I    -1  -2  -2  -2   1  -1  -2  -4   2   1   4  -3   2   0  -2  -3  -3   3   1  -2    6   3   2   2   2   3   3   2   4   6  37   2   5   3   2   3   2   4   4   3  0.51 0.33
  147 L    -1   0   0   0   2   0   0  -1   2   0  -1   0   2   1   0  -1   0   4   1  -1    5   5   5   5   5   5   5   5   5   5   5   5   5   5   5   5   5   5   5   5  0.09 0.08
  148 H     1   0   0   0   1   1   1  -1   1  -1  -1   0   0  -1  -1   0  -1   2   0  -1   13   6   5   6   3   7   8   6   4   3   6   6   3   3   3   5   4   2   3   4  0.06 0.07
  149 T    -1   0   0   0   2   0   0  -1   2   0  -1   0   2   1   0  -1   0   4   1  -1    5   5   5   5   5   5   5   5   5   5   5   5   5   5   5   5   5   5   5   5  0.09 0.08
  150 R     0  -1  -1  -1   3  -1  -1  -2   1   0   2  -1   1   1  -1  -1  -1   2   1   0    8   3   3   4   6   3   4   4   3   5  17   4   3   5   4   4   4   3   5   8  0.08 0.06
  151 A    -1   0   0   0   2   0   0  -1   2   0  -1   0   2   1   0  -1   0   4   1  -1    5   5   5   5   5   5   5   5   5   5   5   5   5   5   5   5   5   5   5   5  0.09 0.08
  152 F     0   0   1   3   1   0   0  -1   0  -2  -2   0   0  -1   1  -1   0   2   0  -1    7   5   7  15   3   4   6   6   3   3   4   5   3   3   6   5   5   2   3   4  0.12 0.12
  153 D     1   0   2   1  -2   2   1   1  -1  -3  -3   0  -3  -3  -1   1  -1  -5  -3  -3   13   6  12   9   1  11  10  10   1   1   2   5   0   1   3  10   4   0   0   1  0.26 0.20
  154 K     0   0  -1   2  -3  -1   0   5  -1  -4  -3   0  -3  -6  -3  -1  -2  -6  -4  -4    6   6   2  11   0   2   6  47   1   1   3   5   1   0   1   4   3   0   0   1  0.70 0.36
  155 L    -2  -2  -3  -3  -1  -2  -2  -2  -5   4   3  -2   0  -3  -1  -2  -2  -5  -4   3    1   3   1   2   2   2   3   3   0  23  26   2   2   0   4   3   1   0   0  24  0.44 0.26
  156 N     0   3  -1  -1  -4   1   2  -2  -2  -1  -1   1  -2  -1  -2  -1   1   1  -2   1    8  17   2   3   0   5  13   2   0   4   4  11   0   2   2   4   9   3   1  12  0.18 0.16
  157 K    -2   4  -3  -3  -2   0  -2  -4  -1   1   0   3  -2   1   2  -2  -2  -4   0   0    3  28   0   1   1   3   0   0   1  10   9  18   0   8   9   1   2   0   3   6  0.39 0.23
  158 W    -5  -3  -6  -6  -2  -4  -1  -5  -1   2   2  -5   0   1  -6  -5  -3  10  -1   1    0   2   0   0   1   0   5   0   2  12  22   0   2   5   0   0   1  40   1   8  1.48 0.44

                      K         Lambda
PSI Ungapped         0.1736     0.3175
PSI Gapped           0.0531     0.2670
