
Last position-specific scoring matrix computed, weighted observed percentages rounded down, information per position, and relative weight of gapless real matches to pseudocounts
           A  R  N  D  C  Q  E  G  H  I  L  K  M  F  P  S  T  W  Y  V   A   R   N   D   C   Q   E   G   H   I   L   K   M   F   P   S   T   W   Y   V
    1 A    4 -1 -1 -2  0  0  0  0  0 -2 -2 -1  1 -1 -1  1  0  1 -4 -1   33   3   3   2   2   3   6   7   3   2   3   4   4   3   3   8   5   2   0   5  0.27 0.30
    2 D    0  0  0  0  2  0  0 -1  1  0 -1  0  1  0  0  0  0 -2  1  0    5   5   5   5   5   5   5   5   5   5   5   5   5   5   5   5   5   0   5   5  0.03 0.05
    3 Q   -1  0  0  0  2  0  0 -1  2  0 -1  0  2  1  0 -1  0  4  1 -1    5   5   5   5   5   5   5   5   5   5   5   5   5   5   5   5   5   5   5   5  0.09 0.08
    4 L   -1  0  0  0  2  0  0 -1  2  0 -1  0  2  1  0 -1  0  4  1 -1    5   5   5   5   5   5   5   5   5   5   5   5   5   5   5   5   5   5   5   5  0.09 0.08
    5 T   -1  0  0  0  2  0  0 -1  2  0 -1  0  2  1  0 -1  0  4  1 -1    5   5   5   5   5   5   5   5   5   5   5   5   5   5   5   5   5   5   5   5  0.09 0.08
    6 E    0  0 -1  1  1  1  2 -2  1 -1 -2  0  1 -1  1 -1 -1  2  0  0    8   5   3   8   3   6  11   4   3   3   5   6   4   3   7   5   4   2   3   6  0.09 0.10
    7 E   -1  0  0  0  2  0  0 -1  2  0 -1  0  2  1  0 -1  0  4  1 -1    5   5   5   5   5   5   5   5   5   5   5   5   5   5   5   5   5   5   5   5  0.09 0.08
    8 Q   -1  1 -1  1  0  4  3 -3  1 -2 -2  0  1 -1 -2 -1 -2  1 -1 -2    5   6   4   7   2  14  19   3   3   3   5   5   3   2   3   6   3   2   2   4  0.28 0.26
    9 I   -1  0 -1 -1  1  0  0 -2  1  3  1  0  2  0 -1 -1 -1  2  0  0    4   5   3   4   3   4   6   3   4  15  12   6   4   3   4   5   4   3   3   7  0.09 0.08
   10 A   -1  0  0  0  2  0  0 -1  2  0 -1  0  2  1  0 -1  0  4  1 -1    5   5   5   5   5   5   5   5   5   5   5   5   5   5   5   5   5   5   5   5  0.09 0.08
   11 E   -1  2  0  0  1  1  2 -1  1 -1 -2  0  1  0 -1 -1 -1  3  0 -2    6  10   4   6   3   7  11   4   3   4   5   6   3   3   3   6   5   4   3   4  0.11 0.11
   12 F   -1  0  0  0  2  0  0 -1  2  0 -1  0  2  1  0 -1  0  4  1 -1    5   5   5   5   5   5   5   5   5   5   5   5   5   5   5   5   5   5   5   5  0.09 0.08
   13 K   -1  3 -1 -2  0  1  0 -1  2 -1 -1  2  1  0 -2 -1 -2  3  2 -2    5  13   3   3   2   5   7   5   4   3   7  13   3   4   2   5   3   4   7   3  0.19 0.16
   14 E   -1  1  0  0  1  1  2 -2  1 -1 -2  1  0 -1 -1 -1 -1  2  0 -1    6   8   4   6   3   6  12   4   3   4   4   9   3   3   3   5   4   2   3   4  0.05 0.12
   15 A   -1  0  0  0  2  0 -1 -1  2  0 -1  0  2  0  0 -1  0  4  1 -1    5   5   5   5   5   5   5   5   5   5   5   5   5   5   5   5   5   5   5   5  0.03 0.09
   16 F   -1  0  0  0  2  0 -1 -1  2  0 -1  0  2  0  0 -1  0  4  1 -1    5   5   5   5   5   5   5   5   5   5   5   5   5   5   5   5   5   5   5   5  0.03 0.09
   17 S   -1  2  1  1  1  1  0 -2  1 -1 -2  2  1 -1 -1  0  0  2  0 -2    6   9   7   7   3   6   6   4   4   3   5  10   3   3   3   7   5   3   3   3  0.10 0.10
   18 L   -1  0  0  0  2  0  0 -1  2  0 -1  0  2  1  0 -1  0  4  1 -1    5   5   5   5   5   5   5   5   5   5   5   5   5   5   5   5   5   5   5   5  0.09 0.08
   19 F   -1  0  0  0  2  0  0 -1  2  0 -1  0  2  1  0 -1  0  4  1 -1    5   5   5   5   5   5   5   5   5   5   5   5   5   5   5   5   5   5   5   5  0.09 0.08
   20 D   -1  0  0  0  2  0  0 -1  2  0 -1  0  2  1  0 -1  0  4  1 -1    5   5   5   5   5   5   5   5   5   5   5   5   5   5   5   5   5   5   5   5  0.09 0.08
   21 K   -1  0  0  0  2  0 -1 -1  2  0 -1  0  2  0  0 -1  0  4  1 -1    5   5   5   5   5   5   5   5   5   5   5   5   5   5   5   5   5   5   5   5  0.03 0.09
   22 D   -1  0  0  0  2  0 -1 -1  2  0 -1  0  2  0  0 -1  0  4  1 -1    5   5   5   5   5   5   5   5   5   5   5   5   5   5   5   5   5   5   5   5  0.03 0.09
   23 G   -2  0  1  0  1  0 -1  3  1 -2 -2  1  0 -1  0 -1 -2  2 -1 -2    4   5   7   5   3   4   5  17   4   3   4   9   3   3   5   6   3   2   3   3  0.11 0.15
   24 D   -1  0  0  0  2  0 -1 -1  2  0 -1  0  2  0  0 -1  0  4  1 -1    5   5   5   5   5   5   5   5   5   5   5   5   5   5   5   5   5   5   5   5  0.03 0.09
   25 G   -1  0  0  0  2  0 -1 -1  2  0 -1  0  2  0  0 -1  0  4  1 -1    5   5   5   5   5   5   5   5   5   5   5   5   5   5   5   5   5   5   5   5  0.03 0.09
   26 T   -1  0  0  0  2  0 -1 -1  2  0 -1  0  2  0  0 -1  0  4  1 -1    5   5   5   5   5   5   5   5   5   5   5   5   5   5   5   5   5   5   5   5  0.03 0.09
   27 I   -1  0  0  0  2  0 -1 -1  2  0 -1  0  2  0  0 -1  0  4  1 -1    5   5   5   5   5   5   5   5   5   5   5   5   5   5   5   5   5   5   5   5  0.03 0.09
   28 T   -1  0  0  0  2  0  0 -1  2  0 -1  0  2  1  0 -1  0  4  1 -1    5   5   5   5   5   5   5   5   5   5   5   5   5   5   5   5   5   5   5   5  0.09 0.08
   29 T   -1  0  0  0  2  0 -1 -1  2  0 -1  0  2  0  0 -1  0  4  1 -1    5   5   5   5   5   5   5   5   5   5   5   5   5   5   5   5   5   5   5   5  0.03 0.09
   30 K   -1  0  0  0  2  0  0 -1  2  0 -1  0  2  1  0 -1  0  4  1 -1    5   5   5   5   5   5   5   5   5   5   5   5   5   5   5   5   5   5   5   5  0.09 0.08
   31 E   -1  0  0  0  2  0  0 -1  2  0 -1  0  2  1  0 -1  0  4  1 -1    5   5   5   5   5   5   5   5   5   5   5   5   5   5   5   5   5   5   5   5  0.09 0.08
   32 L   -1  0  0  0  2  0  0 -1  2  0 -1  0  2  1  0 -1  0  4  1 -1    5   5   5   5   5   5   5   5   5   5   5   5   5   5   5   5   5   5   5   5  0.09 0.08
   33 G   -1  0  0  0  2  0 -1 -1  2  0 -1  0  2  0  0 -1  0  4  1 -1    5   5   5   5   5   5   5   5   5   5   5   5   5   5   5   5   5   5   5   5  0.03 0.09
   34 T   -1  0  0  0  2  0  0 -1  2  0 -1  0  2  1  0 -1  0  4  1 -1    5   5   5   5   5   5   5   5   5   5   5   5   5   5   5   5   5   5   5   5  0.09 0.08
   35 V   -1  0  0  0  2  0 -1 -1  2  0 -1  0  2  0  0 -1  0  4  1 -1    5   5   5   5   5   5   5   5   5   5   5   5   5   5   5   5   5   5   5   5  0.03 0.09
   36 M   -1  0  0  0  2  0 -1 -1  2  0 -1  0  2  0  0 -1  0  4  1 -1    5   5   5   5   5   5   5   5   5   5   5   5   5   5   5   5   5   5   5   5  0.03 0.09
   37 R    0  3  0 -1  1  1  0 -1  3 -1 -2  1  1  0 -1  0 -1  2  0 -1    7  13   5   4   3   5   5   5   6   3   5   9   3   3   3   6   5   3   3   4  0.11 0.11
   38 S   -1  0  0  0  2  0  0 -1  2  0 -1  0  2  1  0 -1  0  4  1 -1    5   5   5   5   5   5   5   5   5   5   5   5   5   5   5   5   5   5   5   5  0.09 0.08
   39 L   -1  0  0  0  2  0 -1 -1  2  0 -1  0  2  0  0 -1  0  4  1 -1    5   5   5   5   5   5   5   5   5   5   5   5   5   5   5   5   5   5   5   5  0.03 0.09
   40 G   -1  0  1  0  1  0 -1  3  1 -1 -2  0  1  0  0  0  0  2  0 -2    5   4   6   6   3   5   5  18   4   3   4   5   3   5   4   6   5   3   3   3  0.11 0.11
   41 Q   -1  0  0  0  2  0 -1 -1  2  0 -1  0  2  0  0 -1  0  4  1 -1    5   5   5   5   5   5   5   5   5   5   5   5   5   5   5   5   5   5   5   5  0.03 0.09
   42 N   -1  0  2  1  1  0  0 -1  2 -1 -2  1  1 -1  1  0  0  2  0 -1    6   5   8   6   3   4   7   4   4   3   4   7   3   3   6   6   5   2   3   4  0.03 0.09
   43 P   -1  0  0  0  2  0 -1 -1  2  0 -1  0  2  0  0 -1  0  4  1 -1    5   5   5   5   5   5   5   5   5   5   5   5   5   5   5   5   5   5   5   5  0.03 0.09
   44 T   -1  0  0  0  2  0  0 -1  2  0 -1  0  2  1  0 -1  0  4  1 -1    5   5   5   5   5   5   5   5   5   5   5   5   5   5   5   5   5   5   5   5  0.09 0.08
   45 E   -1  0  0  0  2  0  0 -1  2  0 -1  0  2  1  0 -1  0  4  1 -1    5   5   5   5   5   5   5   5   5   5   5   5   5   5   5   5   5   5   5   5  0.09 0.08
   46 A   -1  0  0  0  2  0 -1 -1  2  0 -1  0  2  0  0 -1  0  4  1 -1    5   5   5   5   5   5   5   5   5   5   5   5   5   5   5   5   5   5   5   5  0.03 0.09
   47 E   -1  0  0  0  2  0 -1 -1  2  0 -1  0  2  0  0 -1  0  4  1 -1    5   5   5   5   5   5   5   5   5   5   5   5   5   5   5   5   5   5   5   5  0.03 0.09
   48 L   -1  0  0  0  2  0 -1 -1  2  0 -1  0  2  0  0 -1  0  4  1 -1    5   5   5   5   5   5   5   5   5   5   5   5   5   5   5   5   5   5   5   5  0.03 0.09
   49 Q   -1  0  0  0  2  0 -1 -1  2  0 -1  0  2  0  0 -1  0  4  1 -1    5   5   5   5   5   5   5   5   5   5   5   5   5   5   5   5   5   5   5   5  0.03 0.09
   50 D   -1  0  0  0  2  0  0 -1  2  0 -1  0  2  1  0 -1  0  4  1 -1    5   5   5   5   5   5   5   5   5   5   5   5   5   5   5   5   5   5   5   5  0.09 0.08
   51 M   -1  0  0  0  2  0 -1 -1  2  0 -1  0  2  0  0 -1  0  4  1 -1    5   5   5   5   5   5   5   5   5   5   5   5   5   5   5   5   5   5   5   5  0.03 0.09
   52 I   -2 -2 -1 -2  1 -1 -2 -2  0  1  0 -2  3  5 -2 -2 -2  4  1  0    4   3   3   3   3   3   3   4   3   7  10   3   7  17   3   4   3   5   4   6  0.26 0.23
   53 N   -1  0  0  0  2  0 -1 -1  2  0 -1  0  2  0  0 -1  0  4  1 -1    5   5   5   5   5   5   5   5   5   5   5   5   5   5   5   5   5   5   5   5  0.03 0.09
   54 E   -1  0  0  0  2  0 -1 -1  2  0 -1  0  2  0  0 -1  0  4  1 -1    5   5   5   5   5   5   5   5   5   5   5   5   5   5   5   5   5   5   5   5  0.03 0.09
   55 V    0 -2 -2 -3  1 -2 -2 -3  1  1  0 -2  2  4 -2 -2 -1  1  1  1    8   3   2   2   3   2   3   3   3   8  10   2   5  15   3   3   4   2   5  10  0.18 0.17
   56 D   -3 -2  0  6  1 -1 -1 -2  0 -2 -3 -1  0  0 -2 -2 -2  2 -1 -3    3   3   4  35   3   3   4   4   3   3   3   4   2   3   3   4   3   2   2   3  0.56 0.46
   57 A   -1  0  0  0  2  0 -1 -1  2  0 -1  0  2  0  0 -1  0  4  1 -1    5   5   5   5   5   5   5   5   5   5   5   5   5   5   5   5   5   5   5   5  0.03 0.09
   58 D   -1  0  0  0  2  0 -1 -1  2  0 -1  0  2  0  0 -1  0  4  1 -1    5   5   5   5   5   5   5   5   5   5   5   5   5   5   5   5   5   5   5   5  0.03 0.09
   59 G   -1  0  0  0  2  0 -1 -1  2  0 -1  0  2  0  0 -1  0  4  1 -1    5   5   5   5   5   5   5   5   5   5   5   5   5   5   5   5   5   5   5   5  0.03 0.09
   60 N   -2 -1  2  3  1  0  0 -1  1 -2 -3  0  0 -1  0  1  0  2  0 -2    4   4   9  15   3   4   6   5   3   3   3   5   3   3   5   9   5   2   4   4  0.12 0.15
   61 G   -1  0  0  0  2  0  0 -1  2  0 -1  0  2  1  0 -1  0  4  1 -1    5   5   5   5   5   5   5   5   5   5   5   5   5   5   5   5   5   5   5   5  0.09 0.08
   62 T   -1  0  0  0  2  0  0 -1  2  0 -1  0  2  1  0 -1  0  4  1 -1    5   5   5   5   5   5   5   5   5   5   5   5   5   5   5   5   5   5   5   5  0.09 0.08
   63 I   -1  0  0  0  2  0  0 -1  2  0 -1  0  2  1  0 -1  0  4  1 -1    5   5   5   5   5   5   5   5   5   5   5   5   5   5   5   5   5   5   5   5  0.09 0.08
   64 D   -1  0  0  0  2  0  0 -1  2  0 -1  0  2  1  0 -1  0  4  1 -1    5   5   5   5   5   5   5   5   5   5   5   5   5   5   5   5   5   5   5   5  0.09 0.08
   65 F   -1  0  0  0  2  0  0 -1  2  0 -1  0  2  1  0 -1  0  4  1 -1    5   5   5   5   5   5   5   5   5   5   5   5   5   5   5   5   5   5   5   5  0.09 0.08
   66 P   -1  0  0  2  1  1  2 -1  1 -2 -2  0  0 -1 -1  0  0  2  0 -1    6   5   5  12   3   5  14   4   3   3   4   6   3   3   3   6   5   3   3   4  0.14 0.14
   67 E   -1  0  0  0  2  0  0 -1  2  0 -1  0  2  1  0 -1  0  4  1 -1    5   5   5   5   5   5   5   5   5   5   5   5   5   5   5   5   5   5   5   5  0.09 0.08
   68 F   -1  0  0  0  2  0  0 -1  2  0 -1  0  2  1  0 -1  0  4  1 -1    5   5   5   5   5   5   5   5   5   5   5   5   5   5   5   5   5   5   5   5  0.09 0.08
   69 L   -1  0  0  0  2  0  0 -1  2  0 -1  0  2  1  0 -1  0  4  1 -1    5   5   5   5   5   5   5   5   5   5   5   5   5   5   5   5   5   5   5   5  0.09 0.08
   70 T    1  1  1  0  1  1  0 -1  1 -1 -2  0  1 -1 -1  0  0  2  0 -1   11   7   6   5   3   6   7   5   4   4   4   7   3   3   4   6   6   2   3   5  0.06 0.07
   71 M   -1  0  0  0  2  0  0 -1  2  0 -1  0  2  1  0 -1  0  4  1 -1    5   5   5   5   5   5   5   5   5   5   5   5   5   5   5   5   5   5   5   5  0.09 0.08
   72 M   -1  0  0  0  2  0  0 -1  2  0 -1  0  2  1  0 -1  0  4  1 -1    5   5   5   5   5   5   5   5   5   5   5   5   5   5   5   5   5   5   5   5  0.09 0.08
   73 A    0  0  0  0  1  0  0 -1  1  0 -1  0  1  0  0  0  0  2  0  0    8   5   6   4   3   5   5   5   3   4   6   6   4   4   4   7   6   3   4   6  0.00 0.03
   74 R    0  1  0  0  0  0  0  0  2 -1  0  0  0  0  0  0  0  1  0 -1    6   7   4   6   2   5   6   7   5   4   8   6   3   4   5   6   5   2   3   5  0.02 0.02
   75 K   -1  0  0  0  2  0  0 -1  2  0 -1  0  2  1  0 -1  0  4  1 -1    5   5   5   5   5   5   5   5   5   5   5   5   5   5   5   5   5   5   5   5  0.09 0.08
   76 M   -1  0  0  0  2  0  0 -1  2  0 -1  0  2  1  0 -1  0  4  1 -1    5   5   5   5   5   5   5   5   5   5   5   5   5   5   5   5   5   5   5   5  0.09 0.08
   77 K   -1  0  0  0  2  0 -1 -1  2  0 -1  0  2  0  0 -1  0  4  1 -1    5   5   5   5   5   5   5   5   5   5   5   5   5   5   5   5   5   5   5   5  0.03 0.09
   78 D   -1  0  0  0  2  0  0 -1  2  0 -1  0  2  1  0 -1  0  4  1 -1    5   5   5   5   5   5   5   5   5   5   5   5   5   5   5   5   5   5   5   5  0.09 0.08
   79 T   -1  0  0  0  2  0  0 -1  2  0 -1  0  2  1  0 -1  0  4  1 -1    5   5   5   5   5   5   5   5   5   5   5   5   5   5   5   5   5   5   5   5  0.09 0.08
   80 D   -1  0  0  2  1  0  1  0  1 -1 -1  0  1 -1  1  0  0  2  0 -1    5   5   5  10   3   4   9   6   3   4   6   5   3   3   6   8   6   3   3   4  0.06 0.06
   81 S   -1  0  0  0  2  0  0 -1  2  0 -1  0  2  1  0 -1  0  4  1 -1    5   5   5   5   5   5   5   5   5   5   5   5   5   5   5   5   5   5   5   5  0.09 0.08
   82 E   -1  1  0  0  1  0  2 -1  1  0 -1  0  1  0  0 -1 -1  2  1 -1    5   7   4   6   3   4  12   5   4   6   7   6   3   4   4   5   4   3   4   5  0.05 0.06
   83 E   -1  0  0  0  2  0  0 -1  2  0 -1  0  2  1  0 -1  0  4  1 -1    5   5   5   5   5   5   5   5   5   5   5   5   5   5   5   5   5   5   5   5  0.09 0.08
   84 E   -1  0  0  0  2  0  0 -1  2  0 -1  0  2  1  0 -1  0  4  1 -1    5   5   5   5   5   5   5   5   5   5   5   5   5   5   5   5   5   5   5   5  0.09 0.08
   85 I   -1  0  0  0  2  0  0 -1  2  0 -1  0  2  1  0 -1  0  4  1 -1    5   5   5   5   5   5   5   5   5   5   5   5   5   5   5   5   5   5   5   5  0.09 0.08
   86 R   -1  0  0  0  2  0  0 -1  2  0 -1  0  2  1  0 -1  0  4  1 -1    5   5   5   5   5   5   5   5   5   5   5   5   5   5   5   5   5   5   5   5  0.09 0.08
   87 E   -1  0  0  0  2  0  0 -1  2  0 -1  0  2  1  0 -1  0  4  1 -1    5   5   5   5   5   5   5   5   5   5   5   5   5   5   5   5   5   5   5   5  0.09 0.08
   88 A    3 -1 -2 -2  1 -2 -2 -1  0  1  0 -2  2  3 -2 -1 -1  1 -1  0   20   4   2   2   3   2   3   4   2   7  10   3   4  12   2   4   4   2   2   7  0.20 0.16
   89 F   -3 -2 -2 -2  1 -2 -2 -3  0 -1 -1 -2  1  8 -2 -3 -2  4  1 -2    3   3   3   3   3   3   3   3   2   3   5   3   3  41   3   3   3   4   4   3  1.01 0.57
   90 R   -1  0  0  0  2  0  0 -1  2  0 -1  0  2  1  0 -1  0  4  1 -1    5   5   5   5   5   5   5   5   5   5   5   5   5   5   5   5   5   5   5   5  0.09 0.08
   91 V   -1  0  0  0  2  0 -1 -1  2  0 -1  0  2  0  0 -1  0  4  1 -1    5   5   5   5   5   5   5   5   5   5   5   5   5   5   5   5   5   5   5   5  0.03 0.09
   92 F   -2 -2 -2 -3  2 -2 -3 -3  1  1  1 -3  1  6 -3 -3 -3  2  5 -1    4   2   2   2   3   2   2   2   3   7  11   2   3  22   2   3   2   2  17   4  0.67 0.40
   93 D   -2 -2 -1  7  1 -1 -1 -3  1 -2 -4 -2  0 -1 -2 -2 -1  2 -1 -2    4   3   3  41   3   3   4   3   3   3   3   3   3   3   3   4   4   2   3   3  0.78 0.50
   94 K   -1  0  0  0  2  0  0 -1  2  0 -1  0  2  1  0 -1  0  4  1 -1    5   5   5   5   5   5   5   5   5   5   5   5   5   5   5   5   5   5   5   5  0.09 0.08
   95 D   -2 -1  3  5  0 -1  1 -1  0 -3 -3 -1 -1 -2 -1 -1 -2  1 -2 -3    4   4  12  27   2   3   9   5   2   2   3   4   2   2   3   6   3   2   2   2  0.46 0.36
   96 G   -1  0  2  1  0  1  0  3  1 -3 -3  1 -1 -2 -2 -1 -2  0 -1 -3    5   5  10   8   2   5   5  21   3   2   3   7   2   2   3   5   3   1   2   2  0.24 0.20
   97 N   -2 -1  2  4  1  0  0  0  1 -2 -3  1  1 -1 -1  0  0  2  0 -2    4   4   9  17   3   3   5   6   3   3   4   7   3   3   4   8   5   2   3   3  0.19 0.17
   98 G   -1  0  0  0  2  0  0 -1  2  0 -1  0  2  1  0 -1  0  4  1 -1    5   5   5   5   5   5   5   5   5   5   5   5   5   5   5   5   5   5   5   5  0.09 0.08
   99 Y   -1  0  0  0  2  0 -1 -1  2  0 -1  0  2  0  0 -1  0  4  1 -1    5   5   5   5   5   5   5   5   5   5   5   5   5   5   5   5   5   5   5   5  0.03 0.09
  100 I   -3 -3 -3 -3  0 -2 -4 -4 -1  6  2 -4  2 -2 -3 -3 -3  1 -2  2    2   2   2   2   2   2   2   2   2  37  14   2   4   2   2   2   2   2   2  12  0.83 0.49
  101 S   -1  0  0  0  2  0  0 -1  2  0 -1  0  2  1  0 -1  0  4  1 -1    5   5   5   5   5   5   5   5   5   5   5   5   5   5   5   5   5   5   5   5  0.09 0.08
  102 A    0  1 -1 -1  0  0  0  0  1  0  0  0  0  0  1 -1  0  2  0  0    8   7   3   3   3   3   6   6   3   6   8   7   3   5   6   4   4   3   4   6  0.00 0.02
  103 A    1  0  1  3  0  1  3 -1  1 -2 -3  0  0 -2 -2  0 -1  1 -1 -2    9   4   5  15   2   5  15   5   3   2   3   6   2   2   3   7   4   2   2   3  0.22 0.21
  104 E   -1  0  0  0  2  0  0 -1  2  0 -1  0  2  1  0 -1  0  4  1 -1    5   5   5   5   5   5   5   5   5   5   5   5   5   5   5   5   5   5   5   5  0.09 0.08
  105 L   -2 -2 -2 -2  1 -1 -2 -3  1  1  4 -2  3  4 -2 -3 -2  2  0 -1    4   3   3   3   3   3   3   3   3   7  28   3   5  12   3   3   3   3   3   5  0.38 0.25
  106 R   -1  3 -2 -2  0  1  0 -1  0 -1  0  2  1  0 -2 -1 -1  2  0  0    6  14   2   2   2   6   6   5   3   4   8  12   4   4   2   5   4   2   3   6  0.14 0.13
  107 H   -1  0  0  0  2  0  0 -1  2  0 -1  0  2  1  0 -1  0  4  1 -1    5   5   5   5   5   5   5   5   5   5   5   5   5   5   5   5   5   5   5   5  0.09 0.08
  108 V    1 -2 -1 -2  1 -1 -2 -2  1  2  0 -2  3  2 -2 -1 -1  3  0  2   12   3   3   3   3   3   3   4   3  10   7   3   6   8   3   4   3   4   4  13  0.17 0.12
  109 M   -2 -2 -2 -3  1 -2 -3 -3  0  1  4 -3  4  2 -2 -3 -2  2  1  0    4   3   2   2   3   2   2   2   2   6  30   2  10   7   2   3   3   2   4   6  0.44 0.27
  110 T   -1  1  1  0  0  1  0 -1  2 -1 -2  2  1 -2 -1  0  0  0 -1 -1    6   8   6   5   2   5   6   5   5   4   5  12   4   2   3   6   7   1   2   4  0.08 0.10
  111 N   -1  0  0  0  2  0  0 -1  2  0 -1  0  2  1  0 -1  0  4  1 -1    5   5   5   5   5   5   5   5   5   5   5   5   5   5   5   5   5   5   5   5  0.09 0.08
  112 L   -1  0  0  0  2  0  0 -1  2  0 -1  0  2  1  0 -1  0  4  1 -1    5   5   5   5   5   5   5   5   5   5   5   5   5   5   5   5   5   5   5   5  0.09 0.08
  113 G   -1 -1  0  0  1  0 -1  4  1 -1 -2 -1  1  0 -1 -1 -1  2  0 -2    5   4   5   6   3   5   4  25   4   3   4   4   3   4   4   5   3   3   3   3  0.22 0.18
  114 E   -1  0  0  0  2  0 -1 -1  2  0 -1  0  2  0  0 -1  0  4  1 -1    5   5   5   5   5   5   5   5   5   5   5   5   5   5   5   5   5   5   5   5  0.03 0.09
  115 K   -1  0  0  0  2  0 -1 -1  2  0 -1  0  2  0  0 -1  0  4  1 -1    5   5   5   5   5   5   5   5   5   5   5   5   5   5   5   5   5   5   5   5  0.03 0.09
  116 L   -1 -1 -1 -1  1 -1 -1 -2  1  1  1 -1  3  1 -1 -1  0  2  0  0    5   3   3   4   3   3   3   3   3   7  16   4   6   5   4   5   7   3   4   7  0.04 0.08
  117 T   -1  0  0  0  2  0 -1 -1  2  0 -1  0  2  0  0 -1  0  4  1 -1    5   5   5   5   5   5   5   5   5   5   5   5   5   5   5   5   5   5   5   5  0.03 0.09
  118 D   -1  0  0  0  2  0 -1 -1  2  0 -1  0  2  0  0 -1  0  4  1 -1    5   5   5   5   5   5   5   5   5   5   5   5   5   5   5   5   5   5   5   5  0.03 0.09
  119 E   -1  0  0  1  1  1  2 -2  1 -1 -2  0  0 -1 -1  0 -1  2  0 -1    6   5   4   9   2   6  14   4   3   3   4   6   3   3   3   6   4   3   3   4  0.07 0.14
  120 E   -1  0  0  0  2  0 -1 -1  2  0 -1  0  2  0  0 -1  0  4  1 -1    5   5   5   5   5   5   5   5   5   5   5   5   5   5   5   5   5   5   5   5  0.03 0.09
  121 V   -1  0  0  0  2  0 -1 -1  2  0 -1  0  2  0  0 -1  0  4  1 -1    5   5   5   5   5   5   5   5   5   5   5   5   5   5   5   5   5   5   5   5  0.03 0.09
  122 D   -1  0  0  0  2  0 -1 -1  2  0 -1  0  2  0  0 -1  0  4  1 -1    5   5   5   5   5   5   5   5   5   5   5   5   5   5   5   5   5   5   5   5  0.03 0.09
  123 E    0  0  0  1  1  1  2 -2  2 -1 -2  0  1 -1 -1 -1 -1  2  0 -1    8   5   4   8   3   5  11   4   4   3   5   6   3   3   3   5   5   2   3   4  0.03 0.10
  124 M   -1  0  0  0  2  0 -1 -1  2  0 -1  0  2  0  0 -1  0  4  1 -1    5   5   5   5   5   5   5   5   5   5   5   5   5   5   5   5   5   5   5   5  0.03 0.09
  125 I   -1  0  0  0  2  0 -1 -1  2  0 -1  0  2  0  0 -1  0  4  1 -1    5   5   5   5   5   5   5   5   5   5   5   5   5   5   5   5   5   5   5   5  0.03 0.09
  126 R   -1  0  0  0  2  0 -1 -1  2  0 -1  0  2  0  0 -1  0  4  1 -1    5   5   5   5   5   5   5   5   5   5   5   5   5   5   5   5   5   5   5   5  0.03 0.09
  127 E   -1  0  0  0  2  0 -1 -1  2  0 -1  0  2  0  0 -1  0  4  1 -1    5   5   5   5   5   5   5   5   5   5   5   5   5   5   5   5   5   5   5   5  0.03 0.09
  128 A   -1  0  0  0  2  0 -1 -1  2  0 -1  0  2  0  0 -1  0  4  1 -1    5   5   5   5   5   5   5   5   5   5   5   5   5   5   5   5   5   5   5   5  0.03 0.09
  129 D   -1  0  0  0  2  0 -1 -1  2  0 -1  0  2  0  0 -1  0  4  1 -1    5   5   5   5   5   5   5   5   5   5   5   5   5   5   5   5   5   5   5   5  0.03 0.09
  130 I   -1  0  0  0  2  0 -1 -1  2  0 -1  0  2  0  0 -1  0  4  1 -1    5   5   5   5   5   5   5   5   5   5   5   5   5   5   5   5   5   5   5   5  0.03 0.09
  131 D   -1  0  0  0  2  0 -1 -1  2  0 -1  0  2  0  0 -1  0  4  1 -1    5   5   5   5   5   5   5   5   5   5   5   5   5   5   5   5   5   5   5   5  0.03 0.09
  132 G   -1  0  0  0  2  0 -1 -1  2  0 -1  0  2  0  0 -1  0  4  1 -1    5   5   5   5   5   5   5   5   5   5   5   5   5   5   5   5   5   5   5   5  0.03 0.09
  133 D   -2 -1  1  5  1  0 -1 -2  1 -2 -3 -1  0 -1 -1  0 -1  2  1 -2    4   4   6  24   3   4   5   4   3   3   3   4   3   3   4   6   5   2   4   3  0.26 0.28
  134 G   -1  0  0  0  2  0 -1 -1  2  0 -1  0  2  0  0 -1  0  4  1 -1    5   5   5   5   5   5   5   5   5   5   5   5   5   5   5   5   5   5   5   5  0.03 0.09
  135 Q   -1  0  0  0  2  0 -1 -1  2  0 -1  0  2  0  0 -1  0  4  1 -1    5   5   5   5   5   5   5   5   5   5   5   5   5   5   5   5   5   5   5   5  0.03 0.09
  136 V   -1  0  0  0  2  0  0 -1 -2  0 -1  0  1  0  0  0  0  3  1  0    5   5   5   5   5   5   5   5   0   5   5   5   5   5   5   5   5   5   5   5  0.02 0.09
  137 N   -1  0  1  2  1  0 -1 -1  1 -1 -2  0  1 -1 -1  1  1  2  0 -1    4   4   6  10   3   4   4   5   3   4   5   5   3   3   4   9   7   3   4   5  0.02 0.08
  138 Y   -1  0  0  0  2  0 -1 -1  2  0 -1  0  2  0  0 -1  0  4  1 -1    5   5   5   5   5   5   5   5   5   5   5   5   5   5   5   5   5   5   5   5  0.03 0.09
  139 E   -1  0  1  2  1  0  3 -2  1 -2 -3  0  0 -1 -1 -1 -1  2  0 -2    6   4   5  12   2   5  15   4   3   3   3   7   3   3   3   5   4   2   3   3  0.11 0.18
  140 E   -1  0  0  0  2  0 -1 -1  2  0 -1  0  2  0  0 -1  0  4  1 -1    5   5   5   5   5   5   5   5   5   5   5   5   5   5   5   5   5   5   5   5  0.03 0.09
  141 F   -1  0  0  0  2  0 -1 -1  2  0 -1  0  2  0  0 -1  0  4  1 -1    5   5   5   5   5   5   5   5   5   5   5   5   5   5   5   5   5   5   5   5  0.03 0.09
  142 V   -1  0  0  0  2  0 -1 -1  2  0 -1  0  2  0  0 -1  0  4  1 -1    5   5   5   5   5   5   5   5   5   5   5   5   5   5   5   5   5   5   5   5  0.03 0.09
  143 Q    0  1  1  0  1  1  0 -1  1 -1 -2  1  1 -1 -1  0  0  2  0 -1    8   8   6   6   3   6   7   4   4   3   4   7   3   3   3   6   6   2   3   4  0.02 0.08
  144 M   -1  0  0  0  2  0 -1 -1  2  0 -1  0  2  0  0 -1  0  4  1 -1    5   5   5   5   5   5   5   5   5   5   5   5   5   5   5   5   5   5   5   5  0.03 0.09
  145 M   -1 -2 -2 -2  2 -1 -2 -3  1  1  2 -2  5  2 -2 -2 -2  3  1  1    5   3   3   3   4   3   3   3   3   8  16   3  11   7   3   3   3   3   4   8  0.21 0.19
  146 T   -1  0  0  0  2  0 -1 -1  2  0 -1  0  2  0  0 -1  0  4  1 -1    5   5   5   5   5   5   5   5   5   5   5   5   5   5   5   5   5   5   5   5  0.03 0.09
  147 A    0  1  1  0 -1  0  0 -1  2 -2 -2  2 -1 -2  0  2 -1 -1 -2 -2    8   7   5   5   1   4   6   6   4   3   4  10   2   2   4  13   4   1   1   3  0.06 0.15
  148 K   -2  1  1  0 -5  1  0 -1  0 -2 -1  5 -1  0  0 -1  1 -5 -3 -3    2   6   5   5   0   5   4   4   2   2   6  33   1   5   4   4   9   0   1   1  0.34 0.28

                      K         Lambda
PSI Ungapped         0.0544     0.3157
PSI Gapped           0.0166     0.2670
